-2.539477606364560197e+05
-2.537990002515976958e+05
-2.534939293767643685e+05
-2.531727950713720056e+05
-2.528382673273317923e+05
-2.524928794636081730e+05
-2.521388637656108476e+05
-2.517781395922229276e+05
-2.514124975882684230e+05
-2.510436019412893511e+05
-2.506728077110197046e+05
-2.503011580160952290e+05
-2.499295738980085007e+05
-2.495588551984501828e+05
-2.491893985781395750e+05
-2.488214805763004697e+05
-2.484552601742523839e+05
-2.480905927082365379e+05
-2.477271042929712858e+05
-2.473644942283109995e+05
-2.470025797680798569e+05
-2.466410200784688641e+05
-2.462795927914558270e+05
-2.459181938604206662e+05
-2.455566534198574082e+05
-2.451947354660244018e+05
-2.448323221902157529e+05
-2.444694140079880599e+05
-2.441059450304964266e+05
-2.437417821434690850e+05
-2.433769128429300908e+05
-2.430114410360906622e+05
-2.426453076166500396e+05
-2.422785740348429827e+05
-2.419114129912921344e+05
-2.415439070946310821e+05
-2.411760402352980454e+05
-2.408078851132356212e+05
-2.404396033498367760e+05
-2.400712575125482399e+05
-2.397028108322448679e+05
-2.393343156922575436e+05
-2.389659136764457216e+05
-2.385975528565333516e+05
-2.382292727362786245e+05
-2.378611999145949667e+05
-2.374933595679238788e+05
-2.371256799197322107e+05
-2.367581784538921784e+05
-2.363909619001546816e+05
-2.360240378828725370e+05
-2.356573151297032309e+05
-2.352907915498048242e+05
-2.349245542113004485e+05
-2.345584974089111784e+05
-2.341926053472887434e+05
-2.338269546848697646e+05
-2.334615287939271948e+05
-2.330962203456925636e+05
-2.327310146076154197e+05
-2.323659894239347195e+05
-2.320010381314286496e+05
-2.316361487795058638e+05
-2.312714041205118701e+05
-2.309067940429446171e+05
-2.305422155724263575e+05
-2.301776604256736755e+05
-2.298132150112151867e+05
-2.294488728685085662e+05
-2.290845346262578387e+05
-2.287201956187690666e+05
-2.283559458933560236e+05
-2.279916908992931421e+05
-2.276274286514528794e+05
-2.272632497401542205e+05
-2.268991539657944813e+05
-2.265350481014094839e+05
-2.261709336931542202e+05
-2.258069070705653576e+05
-2.254429715392461803e+05
-2.250790373168349906e+05
-2.247151093606615905e+05
-2.243512869169045298e+05
-2.239874811758918222e+05
-2.236236970925306960e+05
-2.232600333933654183e+05
-2.228964967952583393e+05
-2.225329976496743911e+05
-2.221695379239626927e+05
-2.218062155414201552e+05
-2.214429402439155965e+05
-2.210797155615258671e+05
-2.207166388117711467e+05
-2.203537131204376055e+05
-2.199908474382543063e+05
-2.196280444958513253e+05
-2.192654007997455774e+05
-2.189029186788995285e+05
-2.185405063155890966e+05
-2.181781656519114331e+05
-2.178159945509310346e+05
-2.174539006315074221e+05
-2.170918830836941488e+05
-2.167300369965424761e+05
-2.163683633328256838e+05
-2.160067689750201826e+05
-2.156452545115068206e+05
-2.152839142277941573e+05
-2.149227483218169655e+05
-2.145616629530673381e+05
-2.142006579511174350e+05
-2.138398267955019837e+05
-2.134790750940766884e+05
-2.131184022482311702e+05
-2.127579037164888869e+05
-2.123975790041190048e+05
-2.120373317091660283e+05
-2.116771614285893156e+05
-2.113171615842517640e+05
-2.109573318460144219e+05
-2.105975781752218318e+05
-2.102379003315117152e+05
-2.098783918640844640e+05
-2.095189588808293920e+05
-2.091596012618921231e+05
-2.088004126510727219e+05
-2.084413929997464002e+05
-2.080824486088542035e+05
-2.077235816791143152e+05
-2.073648859784213128e+05
-2.070062657890772680e+05
-2.066477212675641058e+05
-2.062893462736876681e+05
-2.059311410329912906e+05
-2.055730121797875909e+05
-2.052149600253812387e+05
-2.048570785491424904e+05
-2.044993681299745804e+05
-2.041417355910610058e+05
-2.037841813962914748e+05
-2.034267996409123298e+05
-2.030694972896075342e+05
-2.027122770782635780e+05
-2.023552331859169644e+05
-2.019983640948414395e+05
-2.016415769586722017e+05
-2.012848725036810793e+05
-2.009283450140186469e+05
-2.005719952463946829e+05
-2.002157304643219686e+05
-1.998595514131213713e+05
-1.995035523088153568e+05
-1.991476404171258619e+05
-1.987918164516454272e+05
-1.984361745621387963e+05
-1.980807154290341423e+05
-1.977253484793781536e+05
-1.973700743843429955e+05
-1.970149850472281105e+05
-1.966600811060284032e+05
-1.963052698420910456e+05
-1.959505518856130075e+05
-1.955960212024797220e+05
-1.952415850834228622e+05
-1.948872441280080238e+05
-1.945330922309678572e+05
-1.941791299575312587e+05
-1.938252646136034746e+05
-1.934714967582634417e+05
-1.931179201894579746e+05
-1.927644443774526590e+05
-1.924110698508773930e+05
-1.920578881824736891e+05
-1.917048998664470855e+05
-1.913520122426793096e+05
-1.909992258007467608e+05
-1.906466341645939683e+05
-1.902942377885890601e+05
-1.899419440357219719e+05
-1.895897533565455233e+05
-1.892377592733204074e+05
-1.888858691681374330e+05
-1.885340834626894793e+05
-1.881824956020465470e+05
-1.878311081179418252e+05
-1.874798284469151986e+05
-1.871286549263193156e+05
-1.867776809764211939e+05
-1.864269069641616079e+05
-1.860762403592673654e+05
-1.857256815482760721e+05
-1.853753238173014543e+05
-1.850250746920143720e+05
-1.846749345628423034e+05
-1.843249966673990712e+05
-1.839752613808447495e+05
-1.836256363048380881e+05
-1.832761218348210678e+05
-1.829268132820086321e+05
-1.825776183058092138e+05
-1.822285351648060314e+05
-1.818796569790042704e+05
-1.815309841314184887e+05
-1.811824243610405829e+05
-1.808339780718733091e+05
-1.804857383140983002e+05
-1.801377054750275274e+05
-1.797897873744109529e+05
-1.794419844209613511e+05
-1.790943895930514554e+05
-1.787469107722327462e+05
-1.783995483707381645e+05
-1.780523974456748110e+05
-1.777054583910277288e+05
-1.773586370379278669e+05
-1.770119338031210063e+05
-1.766654415343476576e+05
-1.763191606301923166e+05
-1.759729991419899161e+05
-1.756269574908951763e+05
-1.752811284472512198e+05
-1.749354201279694098e+05
-1.745898329575016978e+05
-1.742444596468385716e+05
-1.738993006013114937e+05
-1.735542640268207761e+05
-1.732093524791846285e+05
-1.728646585876768513e+05
-1.725201805665867287e+05
-1.721758266390771896e+05
-1.718315972284460149e+05
-1.714875848747345153e+05
-1.711436979348335881e+05
-1.707999368325672986e+05
-1.704563940363708534e+05
-1.701130699441366014e+05
-1.697698729961076751e+05
-1.694268036094087583e+05
-1.690839541552275186e+05
-1.687412331377239316e+05
-1.683986430889883777e+05
-1.680562763053649105e+05
-1.677141310517095844e+05
-1.673721159192415944e+05
-1.670302313135544537e+05
-1.666885694309411920e+05
-1.663471306497970945e+05
-1.660058236502376967e+05
-1.656646488313136215e+05
-1.653236982868541963e+05
-1.649828807650076924e+05
-1.646421966600140440e+05
-1.643017379876912455e+05
-1.639615051142961602e+05
-1.636214089923982683e+05
-1.632814500090481015e+05
-1.629417179615339846e+05
-1.626022132092220709e+05
-1.622628446870279440e+05
-1.619236127763536642e+05
-1.615846092796362063e+05
-1.612457432038133848e+05
-1.609070149255906872e+05
-1.771409903082544333e+05
-1.768027214141051227e+05
-1.764645914902968798e+05
-1.761266009072448942e+05
-1.757888412749817362e+05
-1.754512238762963680e+05
-1.751137490761972149e+05
-1.747765062960975338e+05
-1.744394958718569251e+05
-1.741026270835474133e+05
-1.737659002752702218e+05
-1.734294068324632244e+05
-1.730931470739007345e+05
-1.727570303840602282e+05
-1.724210571189856273e+05
-1.720853185788174451e+05
-1.717497242288040870e+05
-1.714142744230022654e+05
-1.710790603764755069e+05
-1.707440845086410991e+05
-1.704092563932571502e+05
-1.700745742860950413e+05
-1.697401292870025500e+05
-1.694059217174880032e+05
-1.690718612630453426e+05
-1.687379482722851681e+05
-1.684042737282541057e+05
-1.680707474008495337e+05
-1.677373696366984805e+05
-1.674042313301490503e+05
-1.670713327972429397e+05
-1.667385839218680048e+05
-1.664059850479355664e+05
-1.660736290353427175e+05
-1.657415161961283593e+05
-1.654095544438178767e+05
-1.650777441196039435e+05
-1.647461758762094541e+05
-1.644147598014175310e+05
-1.640834962344412343e+05
-1.637524757357191411e+05
-1.634216986126886331e+05
-1.630910750719043717e+05
-1.627606054498694721e+05
-1.624303801823995891e+05
-1.621003095663193089e+05
-1.617703939361545490e+05
-1.614407257087539183e+05
-1.611113051852288190e+05
-1.607820407078879362e+05
-1.604529326085460780e+05
-1.601240711006715137e+05
-1.597954564831253956e+05
-1.594669992981858086e+05
-1.591386998749637278e+05
-1.588106482975883409e+05
-1.584827552021450829e+05
-1.581550209157717472e+05
-1.578275354334295262e+05
-1.575002990603771759e+05
-1.571732225619730889e+05
-1.568463083275372628e+05
-1.565196462093062582e+05
-1.561932344306640443e+05
-1.558669838816719712e+05
-1.555408948829838191e+05
-1.552150571528579458e+05
-1.548893816781672358e+05
-1.545638687770813704e+05
-1.542386080657638377e+05
-1.539135998271841672e+05
-1.535887551787008415e+05
-1.532640744351130270e+05
-1.529396470749400905e+05
-1.526154733773714106e+05
-1.522914666464074980e+05
-1.519676271925352048e+05
-1.516440422995442641e+05
-1.513206233173993533e+05
-1.509973705550810264e+05
-1.506743732461397303e+05
-1.503516316632347007e+05
-1.500290572914167424e+05
-1.497066504363332642e+05
-1.493845001893705339e+05
-1.490625181380363065e+05
-1.487407045855380711e+05
-1.484191485156181734e+05
-1.480978501944580348e+05
-1.477767233907573391e+05
-1.474557684034249978e+05
-1.471350720269937883e+05
-1.468146345239313086e+05
-1.464943677594983019e+05
-1.461742720302914968e+05
-1.458544360282669659e+05
-1.455347717245212989e+05
-1.452152794132381096e+05
-1.448960476754094125e+05
-1.445770767671002541e+05
-1.442582788018677966e+05
-1.439396540706226951e+05
-1.436212910049498314e+05
-1.433031918885796913e+05
-1.429852689782867674e+05
-1.426675205293680192e+05
-1.423500348222480388e+05
-1.420327242238792824e+05
-1.417155890698251314e+05
-1.413987175790990295e+05
-1.410821100005642511e+05
-1.407656788488896564e+05
-1.404494244071154390e+05
-1.401334346888457658e+05
-1.398176223209491000e+05
-1.395019875849308155e+05
-1.391866183788304334e+05
-1.388715169639504747e+05
-1.385565961171718081e+05
-1.382418540976734366e+05
-1.379273786477979156e+05
-1.376131700071774540e+05
-1.372991411062079133e+05
-1.369852922221514746e+05
-1.366717109402487404e+05
-1.363583103063224116e+05
-1.360450905960884993e+05
-1.357321392759752925e+05
-1.354194565812579822e+05
-1.351069557129532332e+05
-1.347946369446457829e+05
-1.344825895894471905e+05
-1.341708138790248195e+05
-1.338592211636897118e+05
-1.335478117148856982e+05
-1.332366726776174037e+05
-1.329257175284369732e+05
-1.326149465372309787e+05
-1.323044467269697925e+05
-1.319942183260241873e+05
-1.316841749703994137e+05
-1.313743169278364512e+05
-1.310647310571749404e+05
-1.307554175842515106e+05
-1.304462903060646349e+05
-1.301373514816708921e+05
-1.298286878031143569e+05
-1.295202111947792000e+05
-1.292119219206834532e+05
-1.289039065485884930e+05
-1.285961652999305370e+05
-1.282886122573507018e+05
-1.279812476827078499e+05
-1.276741579753835686e+05
-1.273672573418318352e+05
-1.270605460423364857e+05
-1.267541103490297537e+05
-1.264479504789399216e+05
-1.261419808048684645e+05
-1.258362035259600671e+05
-1.255307046899266279e+05
-1.252254825169410469e+05
-1.249204515479057445e+05
-1.246156120390258293e+05
-1.243110499191011477e+05
-1.240066798561469041e+05
-1.237025021050568903e+05
-1.233986024646107835e+05
-1.230949811456117895e+05
-1.227915529868079466e+05
-1.224883182412716560e+05
-1.221853625330280629e+05
-1.218826860706749721e+05
-1.215802058312470617e+05
-1.212779220648086921e+05
-1.209759182518782036e+05
-1.206741095338119194e+05
-1.203724961605113058e+05
-1.200711634463905066e+05
-1.197701115962066688e+05
-1.194692559261749848e+05
-1.191685966843455099e+05
-1.188682190061940928e+05
-1.185681230942448310e+05
-1.182682244410661515e+05
-1.179685232928459300e+05
-1.176691046046068368e+05
-1.173698859539173136e+05
-1.170708675844028476e+05
-1.167721323618838214e+05
-1.164736804849955952e+05
-1.161754277587191318e+05
-1.158773744260002859e+05
-1.155796051223101676e+05
-1.152820357878744253e+05
-1.149846666642678319e+05
-1.146875822486951365e+05
-1.143907827358773793e+05
-1.140941842475948506e+05
-1.137977870235230366e+05
-1.135016753751405631e+05
-1.132058514316671644e+05
-1.129102314968435385e+05
-1.126148138704228622e+05
-1.123196826764928992e+05
-1.120247543583180814e+05
-1.117300291522672051e+05
-1.114355910410714860e+05
-1.111414402132108808e+05
-1.108474932975601696e+05
-1.105537505285603111e+05
-1.102602957341506553e+05
-1.099671291526560963e+05
-1.096741676176120236e+05
-1.093814113625508035e+05
-1.090889459120189422e+05
-1.087966882243030414e+05
-1.085046366100398591e+05
-1.082128745288526989e+05
-1.079214021661724546e+05
-1.076301366731478774e+05
-1.073390782831047545e+05
-1.070483102633784292e+05
-1.067577499098150874e+05
-1.064673974556404864e+05
-1.061773360230135731e+05
-1.058875657964189013e+05
-1.055980042658308230e+05
-1.053086516642424685e+05
-1.050195928248127457e+05
-1.047308279301048606e+05
-1.044422727585692191e+05
-1.041539275429202535e+05
-1.038658750136843883e+05
-1.035780330042584683e+05
-1.032904017471699044e+05
-1.030030638246028102e+05
-1.027160194192573545e+05
-1.024291865626543004e+05
-1.021425654869726859e+05
-1.018562385752013361e+05
-1.015702060092955653e+05
-1.012843860203600489e+05
-1.009987807301088178e+05
-1.007134723194662656e+05
-1.004283772791454976e+05
-1.001434958406586957e+05
-9.985891003456307226e+04
-9.957462004145202809e+04
-9.929054444543283898e+04
-9.900668347755525610e+04
-9.872311896492791129e+04
-9.843985108728340128e+04
-9.815679863234472577e+04
-9.787396183065819787e+04
-9.759142230433170334e+04
-9.730909899481679895e+04
-9.702699400576084736e+04
-9.674518880319019081e+04
-9.646368169046405819e+04
-9.618239181538330740e+04
-9.590131940755806863e+04
-9.562054572648255271e+04
-9.533999005855832365e+04
-9.505965258072165307e+04
-9.477961436073563527e+04
-9.449987557573319646e+04
-9.422035573879082222e+04
-9.394105507975714863e+04
-9.366205449269755627e+04
-9.338335415505719720e+04
-9.310487564795365324e+04
-9.282661920051308698e+04
-9.254866363831388298e+04
-9.227092884567839792e+04
-9.199341505361365853e+04
-9.171620278658493771e+04
-9.143929222246611607e+04
-9.116260345962663996e+04
-9.088613672962118289e+04
-9.060997234357689740e+04
-9.033411047949560452e+04
-9.005847145127702970e+04
-8.978305549095856259e+04
-8.950794269471519510e+04
-8.923305537837589509e+04
-8.895839377293258440e+04
-8.868403597165917745e+04
-8.840998215266678017e+04
-8.813615301083162194e+04
-8.786254877892608056e+04
-8.758924917293532053e+04
-8.731617505238254671e+04
-8.704332665032558725e+04
-8.677078351837839000e+04
-8.649854583456495311e+04
-8.622653467918836395e+04
-8.595475028556591133e+04
-8.568327198465625406e+04
-8.541210177564935293e+04
-8.514116095985681750e+04
-8.487044794801110402e+04
-8.460004184860902024e+04
-8.432986413217699737e+04
-8.405991503237941652e+04
-8.379027348995255306e+04
-8.352093968235046486e+04
-8.325183530506325769e+04
-8.298296059184166370e+04
-8.271439425823246711e+04
-8.244613648134574760e+04
-8.217810918316847528e+04
-8.191031259747533477e+04
-8.164282701609015930e+04
-8.137557453061686829e+04
-8.110855358381045517e+04
-8.084184254637759295e+04
-8.057544163499819115e+04
-8.030927317342968308e+04
-8.004333739757683361e+04
-7.977771239788213279e+04
-7.951239835394785041e+04
-7.924731782357019256e+04
-7.898247104562888853e+04
-7.871793588207010180e+04
-7.845363506726804189e+04
-7.818956884230551077e+04
-7.792581668109967723e+04
-7.766237876609360683e+04
-7.739917628255879390e+04
-7.713620947433574474e+04
-7.687355579913186375e+04
-7.661113840677984990e+04
-7.634895754316533566e+04
-7.608709049116965616e+04
-7.582553743870809558e+04
-7.556422177504381398e+04
-7.530314374861409306e+04
-7.504238040754912072e+04
-7.478193194182965090e+04
-7.452172198173150537e+04
-7.426175254342998960e+04
-7.400210043693392072e+04
-7.374268770768967806e+04
-7.348351460836094338e+04
-7.322465777174776304e+04
-7.296611739119709819e+04
-7.270781752282747766e+04
-7.244975842152605765e+04
-7.219201648027930059e+04
-7.193459189416040317e+04
-7.167740896474357578e+04
-7.142046794902099646e+04
-7.116384499829405104e+04
-7.090746459936766769e+04
-7.065132875646257889e+04
-7.039551343685309985e+04
-7.014001709114434198e+04
-6.988476445463989512e+04
-6.962975578778397175e+04
-6.937506681427321746e+04
-6.912069773335265927e+04
-6.886657353034906555e+04
-6.861269446748943301e+04
-6.835913602156285197e+04
-6.810582336658227723e+04
-6.785275676364128594e+04
-6.760001144900918007e+04
-6.734758757314400282e+04
-6.709541229046962690e+04
-6.684348586772181443e+04
-6.659188162245447165e+04
-6.634052517828907003e+04
-6.608941680847934913e+04
-6.583863137245870894e+04
-6.558816908297399641e+04
-6.533795582446042681e+04
-6.508799187645353959e+04
-6.483835184966275119e+04
-6.458903596253131400e+04
-6.433997036200051662e+04
-6.409115533367267926e+04
-6.384266523740306729e+04
-6.359442812309256988e+04
-6.334644427916491986e+04
-6.309878616943839006e+04
-6.285145402184565319e+04
-6.260437444710865384e+04
-6.235754774099081988e+04
-6.211104781902392278e+04
-6.186487491422760650e+04
-6.161895590467058355e+04
-6.137329109159938525e+04
-6.112795413365901913e+04
-6.088287211069234763e+04
-6.063804532798411674e+04
-6.039354725009744288e+04
-6.014937980201054597e+04
-5.990547033259109594e+04
-5.966181746702740202e+04
-5.941849440887267701e+04
-5.917542871290553012e+04
-5.893262069328658981e+04
-5.869014335647932603e+04
-5.844799695171415806e+04
-5.820610930765009834e+04
-5.796448074319941225e+04
-5.772318399991421029e+04
-5.748221933113539126e+04
-5.724151484134080238e+04
-5.700107085398663185e+04
-5.676096150507114362e+04
-5.652111510571645340e+04
-5.628153031926744734e+04
-5.604227941789472243e+04
-5.580336266168090515e+04
-5.556470863966198522e+04
-5.532631767073689844e+04
-5.508826174775278196e+04
-5.485054113745671930e+04
-5.461308471816478414e+04
-5.437589283150399569e+04
-5.413903721272968687e+04
-5.390244695781337214e+04
-5.366612241654563695e+04
-5.343013676171482075e+04
-5.319449027623274014e+04
-5.295911070698374533e+04
-5.272399841423437465e+04
-5.248922465985873714e+04
-5.225478973824935383e+04
-5.202062333123112330e+04
-5.178672580920404289e+04
-5.155316815983230481e+04
-5.131988028679616400e+04
-5.108686256794529618e+04
-5.085418578352540499e+04
-5.062185024412948405e+04
-5.038978615101188188e+04
-5.015799550775415264e+04
-4.992654881362972083e+04
-4.969537487670860719e+04
-4.946447409136299393e+04
-4.923391674735749257e+04
-4.900370317038480425e+04
-4.877376408799021738e+04
-4.854409990347389248e+04
-4.831478062235531979e+04
-4.808580657842537039e+04
-4.785710880296715186e+04
-4.762868770786779351e+04
-4.740061301141692093e+04
-4.717281597432322451e+04
-4.694529860716345138e+04
-4.671813040902037756e+04
-4.649131013282452477e+04
-4.626476934729400091e+04
-4.603850847860539216e+04
-4.581259673499761266e+04
-4.558703447079524631e+04
-4.536175356501713395e+04
-4.513675445149786538e+04
-4.491210604279220570e+04
-4.468774045236129314e+04
-4.446365813160486869e+04
-4.423992779850584338e+04
-4.401654983947085566e+04
-4.379345825893944129e+04
-4.357065351433464093e+04
-4.334820244059534161e+04
-4.312610543143993709e+04
-4.290429525839121197e+04
-4.268277240481137414e+04
-4.246160498774787993e+04
-4.224072603142278967e+04
-4.202013603684026748e+04
-4.179990290304404334e+04
-4.158002706341416342e+04
-4.136044188113321434e+04
-4.114114787997855456e+04
-4.092221266476856545e+04
-4.070357139705179725e+04
-4.048522461533019668e+04
-4.026723815687082242e+04
-4.004961249245842919e+04
-3.983228158499588608e+04
-3.961524599651718745e+04
-3.939857280714189983e+04
-3.918226250796933891e+04
-3.896624940826886450e+04
-3.875053409091802314e+04
-3.853518333046429325e+04
-3.832013169797879527e+04
-3.810537979163057753e+04
-3.789099415405991022e+04
-3.767697682608285686e+04
-3.746326272839479498e+04
-3.724985096092498861e+04
-3.703680775292849285e+04
-3.682413364774419460e+04
-3.661176392279533320e+04
-3.639969921481015626e+04
-3.618800543528486742e+04
-3.597661812988511520e+04
-3.576553794921818189e+04
-3.555483056355107692e+04
-3.534449654670551536e+04
-3.513447180474060588e+04
-3.492475700600599521e+04
-3.471541898895244231e+04
-3.450639400646489230e+04
-3.429768132175441133e+04
-3.408934603737207362e+04
-3.388138876504957443e+04
-3.367374606372995186e+04
-3.346641864844449447e+04
-3.325947130209149327e+04
-3.305290466642373940e+04
-3.284665568553691264e+04
-3.264072510506593972e+04
-3.243517738285131054e+04
-3.222994975428647012e+04
-3.202504298743867548e+04
-3.182052275247027865e+04
-3.161638973903725855e+04
-3.141258011219778564e+04
-3.120909466884293943e+04
-3.100599728447012603e+04
-3.080328867809014628e+04
-3.060090687178500229e+04
-3.039885269027698087e+04
-3.019718966832719161e+04
-2.999585612714395393e+04
-2.979485291182535002e+04
-2.959424329781468259e+04
-2.939402804925772944e+04
-2.919414588955874206e+04
-2.899459911948241643e+04
-2.879545066082643461e+04
-2.859669987009675242e+04
-2.839828587723537930e+04
-2.820020957851086860e+04
-2.800253354035964003e+04
-2.780519720056935330e+04
-2.760820147375465604e+04
-2.741160865418077447e+04
-2.721541957047022879e+04
-2.701957407457489171e+04
-2.682407310448744101e+04
-2.662897858567733783e+04
-2.643423068392605637e+04
-2.623983175234295777e+04
-2.604584336014025030e+04
-2.585226487971656024e+04
-2.565903689971382846e+04
-2.546616044914914528e+04
-2.527369686782092322e+04
-2.508164713976465282e+04
-2.488995240176975494e+04
-2.469861379557597684e+04
-2.450769236511294730e+04
-2.431712963941012276e+04
-2.412692684289402678e+04
-2.393714479133323766e+04
-2.374778465839126147e+04
-2.355878986409498611e+04
-2.337016173750115559e+04
-2.318195941336051328e+04
-2.299418416903307661e+04
-2.280677859045358491e+04
-2.261974411331090960e+04
-2.243314091515168548e+04
-2.224691198343530414e+04
-2.206105883012484992e+04
-2.187564138220870518e+04
-2.169066109097824665e+04
-2.150606148373585893e+04
-2.132184417107916670e+04
-2.113806873519683722e+04
-2.095468044192087837e+04
-2.077168097133553238e+04
-2.058912830705914530e+04
-2.040702406443690415e+04
-2.022531273068216979e+04
-2.004399608185043326e+04
-1.986313306692711194e+04
-1.968272539044727455e+04
-1.950271809726921492e+04
-1.932311305362204439e+04
-1.914396882861707127e+04
-1.896523089053985314e+04
-1.878690116776435752e+04
-1.860903792353297467e+04
-1.843164427635326865e+04
-1.825466621813565143e+04
-1.807810440820895019e+04
-1.790201663555167033e+04
-1.772640473275026307e+04
-1.755121519814539352e+04
-1.737644999203327461e+04
-1.720216641076345695e+04
-1.702831133720715297e+04
-1.685488673638380715e+04
-1.668194952746588388e+04
-1.650950154871234554e+04
-1.633749020403742907e+04
-1.616591746330918977e+04
-1.599484098154245294e+04
-1.582426259528243099e+04
-1.565412898653809680e+04
-1.548444212887485628e+04
-1.531525790062663145e+04
-1.514652464238891844e+04
-1.497824433014774695e+04
-1.481047243953222642e+04
-1.464321081046052859e+04
-1.447640833257962367e+04
-1.431006698366196360e+04
-1.414424169101289590e+04
-1.397888176318354090e+04
-1.381398917892042664e+04
-1.364961965202903957e+04
-1.348577501581207616e+04
-1.332240393702010624e+04
-1.315950839423056459e+04
-1.299714232525028638e+04
-1.283530761203420116e+04
-1.267395486254303250e+04
-1.251308637521415949e+04
-1.235275605548662134e+04
-1.219291558822774095e+04
-1.203356797786906827e+04
-1.187476739740566700e+04
-1.171651716965498053e+04
-1.155877052373514744e+04
-1.140153255532588810e+04
-1.124485775177544565e+04
-1.108874918979636277e+04
-1.093316163820112706e+04
-1.077809994288670714e+04
-1.062361886504132417e+04
-1.046967432902424480e+04
-1.031627184591218247e+04
-1.016346634644045844e+04
-1.001126360734453192e+04
-9.859621096382237738e+03
-9.708545188242802396e+03
-9.558090989463205915e+03
-9.408265119153133128e+03
-9.259027700153761543e+03
-9.110385941138869384e+03
-8.962393956707062898e+03
-8.815011940162308747e+03
-8.668247718035738217e+03
-8.522156558273709379e+03
-8.376746492224017857e+03
-8.231979291020659730e+03
-8.087863498382241232e+03
-7.944453937177255284e+03
-7.801712477941357065e+03
-7.659646501825394807e+03
-7.518308694547653431e+03
-7.377705171383684501e+03
-7.237797588399262168e+03
-7.098591230872290907e+03
-6.960134803684835788e+03
-6.822432349858223461e+03
-6.685443317928904435e+03
-6.549170959279814269e+03
-6.413662107321666554e+03
-6.278875381419318728e+03
-6.144812537823949242e+03
-6.011518246000574436e+03
-5.878993053013284225e+03
-5.747194526918494375e+03
-5.616122474476287607e+03
-5.485818715889268788e+03
-5.356282838609535247e+03
-5.227471407704084413e+03
-5.099381361401523463e+03
-4.972051721443247516e+03
-4.845438338627282064e+03
-4.719537730161478976e+03
-4.594387045952433255e+03
-4.469983708605403081e+03
-4.346288578546082135e+03
-4.223306743384920992e+03
-4.101087262106622802e+03
-3.979603583943826379e+03
-3.858872618097928353e+03
-3.738954469959338894e+03
-3.619874433556629810e+03
-3.501622428292292170e+03
-3.384229848285351181e+03
-3.267771052105672425e+03
-3.152285565833066357e+03
-3.037779518915864173e+03
-2.924300150670926087e+03
-2.811935461694141850e+03
-2.700703613940539071e+03
-2.590662786242901348e+03
-2.481910773698444245e+03
-2.374512495162838604e+03
-2.268502037138765445e+03
-2.163951597321953159e+03
-2.060966363017505500e+03
-1.959603831074229674e+03
-1.859871539050247520e+03
-1.761793760651780758e+03
-1.665410313792701345e+03
-1.570680874652287457e+03
-1.477579819686216069e+03
-1.386095814145839540e+03
-1.296170044009544654e+03
-1.207698846333572874e+03
-1.120591686568688601e+03
-1.034770821284531849e+03
-9.501135675643454306e+02
-8.664543468330521137e+02
-7.836401841444312595e+02
-7.015298382274049800e+02
-6.199425031544233207e+02
-5.388119534224388190e+02
-4.582309201814932749e+02
-3.783998749153688550e+02
-2.996271478209819179e+02
-2.223797639002150390e+02
-1.472820314360142220e+02
-7.503946082424954511e+01
-6.511544136737938970e+00
5.729030754682025872e+01
1.152515527754731011e+02
1.661467562986654229e+02
2.086063160595076624e+02
2.411206515300727915e+02
2.620751107744581532e+02
2.697302677088009659e+02
