1.458609420838743681e+06
1.455159257152670296e+06
1.451712734054764267e+06
1.448270086874303175e+06
1.444831512070569675e+06
1.441397170435547363e+06
1.437967190287660807e+06
1.434541670658076182e+06
1.431120684472202323e+06
1.427704281723623164e+06
1.424292492639241740e+06
1.420885330836888403e+06
1.417482796475394862e+06
1.414084879397133132e+06
1.410691562263018917e+06
1.407302823679981055e+06
1.403918641320893774e+06
1.400538994959047996e+06
1.397163868442802457e+06
1.393793250015381956e+06
1.390427131943940651e+06
1.387065510135082062e+06
1.383708383751295274e+06
1.380355754828309873e+06
1.377007627893366851e+06
1.373664009584407788e+06
1.370324908270181622e+06
1.366990333671266679e+06
1.363660296482012374e+06
1.360334807993397117e+06
1.357013879716803785e+06
1.353697523008711403e+06
1.350385748696306720e+06
1.347078566709523555e+06
1.343775985820460133e+06
1.340478013593593379e+06
1.337184656452863477e+06
1.333895919756145682e+06
1.330611807869543787e+06
1.327332324241506867e+06
1.324057471476767212e+06
1.320787251410103170e+06
1.317521665179922013e+06
1.314260713301667944e+06
1.311004395741049899e+06
1.307752711987094488e+06
1.304505661125019891e+06
1.301263241908933502e+06
1.298025452834350755e+06
1.294792292210537707e+06
1.291563758232675726e+06
1.288339849053849233e+06
1.285120562856854638e+06
1.281905897925834404e+06
1.278695852717585163e+06
1.275490425920995418e+06
1.272289616478629177e+06
1.269093423577565001e+06
1.265901846635732334e+06
1.262714885288277408e+06
1.259532539373965468e+06
1.256354808921612799e+06
1.253181694136552978e+06
1.250013195387135493e+06
1.246849313191257650e+06
1.243690048202928854e+06
1.240535401198867243e+06
1.237385373065130319e+06
1.234239964783777948e+06
1.231099177419566549e+06
1.227963012106678681e+06
1.224831470035483828e+06
1.221704552439332241e+06
1.218582260581381852e+06
1.215464595741457306e+06
1.212351559202943230e+06
1.209243152239707764e+06
1.206139376103062648e+06
1.203040232008751715e+06
1.199945721123975934e+06
1.196855844554448966e+06
1.193770603332477156e+06
1.190689998411939247e+06
1.187614030670235865e+06
1.184542700911302352e+06
1.181476009868613211e+06
1.178413958208178170e+06
1.175356546531531028e+06
1.172303775378711987e+06
1.169255645231241593e+06
1.166212156515089097e+06
1.163173309603631729e+06
1.160139104820607696e+06
1.157109542443062179e+06
1.154084622704284731e+06
1.151064345796741312e+06
1.148048711874997709e+06
1.145037721058635740e+06
1.142031373435162939e+06
1.139029669062914560e+06
1.136032607973947888e+06
1.133040190176930744e+06
1.130052415660019964e+06
1.127069284393736627e+06
1.124090796333829872e+06
1.121116951424136292e+06
1.118147749599430943e+06
1.115183190788271138e+06
1.112223274915833492e+06
1.109268001906742807e+06
1.106317371687894687e+06
1.103371384191483492e+06
1.100430039358051959e+06
1.097493337136995047e+06
1.094561277485324070e+06
1.091633860367054585e+06
1.088711085752593353e+06
1.085792953618129250e+06
1.082879463945025578e+06
1.079970616719211917e+06
1.077066411930579226e+06
1.074166849572376814e+06
1.071271929640608840e+06
1.068381652133433847e+06
1.065496017050566152e+06
1.062615024392677238e+06
1.059738674160799943e+06
1.056866966355734039e+06
1.053999900977452286e+06
1.051137478024509270e+06
1.048279697493451182e+06
1.045426559378227568e+06
1.042578063669603085e+06
1.039734210354573443e+06
1.036894999415779952e+06
1.034060430830928148e+06
1.031230504572205711e+06
1.028405220605703769e+06
1.025584578890838777e+06
1.022768579379775445e+06
1.019957222016852815e+06
1.017150506738009630e+06
1.014348433470214019e+06
1.011551002130891313e+06
1.008758212627356756e+06
1.005970064856247045e+06
1.003186558702943265e+06
1.000407694041049108e+06
9.976334707322646864e+05
9.948638886265616165e+05
9.920989475623359904e+05
9.893386473665595986e+05
9.865829878549324349e+05
9.838319688320332207e+05
9.810855900914708618e+05
9.783438514160349732e+05
9.756067525778457057e+05
9.728742933385040378e+05
9.701464734492411371e+05
9.674232926510673715e+05
9.647047506749210879e+05
9.619908472418173915e+05
9.592815820629956434e+05
9.565769548400676576e+05
9.538769652651646174e+05
9.511816130210843403e+05
9.484908977814378450e+05
9.458048192107954528e+05
9.431233769648327725e+05
9.404465706904763356e+05
9.377744000260487664e+05
9.351068646014132537e+05
9.324439640381183708e+05
9.297856979495419655e+05
9.271320659410353983e+05
9.244830676100660348e+05
9.218387025463609025e+05
9.191989703320490662e+05
9.165638705418040045e+05
9.139334027429857524e+05
9.113075664957821136e+05
9.086863613533502212e+05
9.060697868619568180e+05
9.034578425611195853e+05
9.008505279837464914e+05
8.982478426557499915e+05
8.956497860947933514e+05
8.930563578108494403e+05
8.904675573075442808e+05
8.878833840821321355e+05
8.853038376254709437e+05
8.827289174219979905e+05
8.801586229497058084e+05
8.775929536801170325e+05
8.750319090782612329e+05
8.724754886026498862e+05
8.699236917052527424e+05
8.673765178314738441e+05
8.648339664201273117e+05
8.622960369034138275e+05
8.597627287068970036e+05
8.572340412494795164e+05
8.547099739433792420e+05
8.521905261941064382e+05
8.496756974004398799e+05
8.471654869544034591e+05
8.446598942412432516e+05
8.421589186394044664e+05
8.396625595205076970e+05
8.371708162493264535e+05
8.346836881837644614e+05
8.322011746748320293e+05
8.297232750666239299e+05
8.272499886962968158e+05
8.247813148940459359e+05
8.223172529830835992e+05
8.198578022796157748e+05
8.174029620928203221e+05
8.149527317248246400e+05
8.125071104706834303e+05
8.100660976183566963e+05
8.076296924486876233e+05
8.051978942353805760e+05
8.027707022449792130e+05
8.003481157368452987e+05
7.979301339631362353e+05
7.955167561687836424e+05
7.931079815914724022e+05
7.907038094629140105e+05
7.883042390089529799e+05
7.859092694482917432e+05
7.835188999924041564e+05
7.811331298455552896e+05
7.787519582048229640e+05
7.763753842601169599e+05
7.740034071941998554e+05
7.716360261827072827e+05
7.692732403941683006e+05
7.669150489900253015e+05
7.645614511246543843e+05
7.622124459453856107e+05
7.598680325925227953e+05
7.575282101993641118e+05
7.551929778922215337e+05
7.528623347904412076e+05
7.505362800064231269e+05
7.482148126456418540e+05
7.458979318066653796e+05
7.435856365811756114e+05
7.412779260539881652e+05
7.389747993030719226e+05
7.366762553995694034e+05
7.343822934078155085e+05
7.320929123853582423e+05
7.298081113829775713e+05
7.275278894447057974e+05
7.252522456078464165e+05
7.229811789029942593e+05
7.207146883540546987e+05
7.184527729782633251e+05
7.161954317862055032e+05
7.139426637818352319e+05
7.116944679624951677e+05
7.094508433189357165e+05
7.072117888353344752e+05
7.049773034893153235e+05
7.027473862519678660e+05
7.005220360878666397e+05
6.983012519550900906e+05
6.960850328052400146e+05
6.938733775834605331e+05
6.916662852284570690e+05
6.894637546725156717e+05
6.872657848418236244e+05
6.850723746567068156e+05
6.828835230313368374e+05
6.806992288735149195e+05
6.785194910846774001e+05
6.763443085599017795e+05
6.741736801879120758e+05
6.720076048510844121e+05
6.698460814254528377e+05
6.676891087807151489e+05
6.655366857802382438e+05
6.633888112810639432e+05
6.612454841339148115e+05
6.591067031831993954e+05
6.569724672670185100e+05
6.548427752171704778e+05
6.527176258591570659e+05
6.505970180121888407e+05
6.484809504891915713e+05
6.463694220968112350e+05
6.442624316354198381e+05
6.421599778991215862e+05
6.400620596757578896e+05
6.379686757469139993e+05
6.358798248879237799e+05
6.337955058678761125e+05
6.317157174496202497e+05
6.296404583897718694e+05
6.275697274387184298e+05
6.255035233406253392e+05
6.234418448334413115e+05
6.213846906489041867e+05
6.193320595125472173e+05
6.172839501437040744e+05
6.152403612555150175e+05
6.132012915549324825e+05
6.111667397427273681e+05
6.091367045134939253e+05
6.071111845556561602e+05
6.050901785514735384e+05
6.030736851770466892e+05
6.010617031023229938e+05
5.990542309911031043e+05
5.970512675010457169e+05
5.950528112836740911e+05
5.930588609843816375e+05
5.910694152424377389e+05
5.890844726909933379e+05
5.871040319569129497e+05
5.851280916607220424e+05
5.831566504167900421e+05
5.811897068333975039e+05
5.792272595127444947e+05
5.772693070509592071e+05
5.753158480381065747e+05
5.733668810581972357e+05
5.714224046891952166e+05
5.694824175030272454e+05
5.675469180655911332e+05
5.656159049367642729e+05
5.636893766704122536e+05
5.617673318143977085e+05
5.598497689105881145e+05
5.579366864948651055e+05
5.560280830971325049e+05
5.541239572413250571e+05
5.522243074454175076e+05
5.503291322214317042e+05
5.484384300754469587e+05
5.465521995076070307e+05
5.446704390121293254e+05
5.427931470773137407e+05
5.409203221855501179e+05
5.390519628133279039e+05
5.371880674312439514e+05
5.353286345040111337e+05
5.334736624904674245e+05
5.314872109454880701e+05
5.293692783161858097e+05
5.272558019419173943e+05
5.251467802581033902e+05
5.230422116943319561e+05
5.209420946743655950e+05
5.188464276161518646e+05
5.167552089318298968e+05
5.146684370277399430e+05
5.125861103044315241e+05
5.105082271566715790e+05
5.084347859734535450e+05
5.063657851380052743e+05
5.043012230277975323e+05
5.022410980145524954e+05
5.001854084642525995e+05
4.981341527371476404e+05
4.960873291877650190e+05
4.940449361649167258e+05
4.920069720117080724e+05
4.899734350655470043e+05
4.879443236571584130e+05
4.859196361105449032e+05
4.838993707439801656e+05
4.818835258700617123e+05
4.798720997957137879e+05
4.778650908221905120e+05
4.758624972450817004e+05
4.738643173543147277e+05
4.718705494341599988e+05
4.698811917632345576e+05
4.678962426145048812e+05
4.659157002552927006e+05
4.639395629472774453e+05
4.619678289465010166e+05
4.600004965033713961e+05
4.580375638626668369e+05
4.560790292635400547e+05
4.541248909395217197e+05
4.521751471185247647e+05
4.502297960228485754e+05
4.482888358691828325e+05
4.463522648686114699e+05
4.444200812266172143e+05
4.424922831430849619e+05
4.405688688123064348e+05
4.386498364229837898e+05
4.367351841582341585e+05
4.348249101955939550e+05
4.329190127070216695e+05
4.310174898589036893e+05
4.291203398120577913e+05
4.272275607217364013e+05
4.253391507376324153e+05
4.234551080038816435e+05
4.215754306590687484e+05
4.197001168362298049e+05
4.178291646628571907e+05
4.159625722609044751e+05
4.141003377467890969e+05
4.122424592313980684e+05
4.103889348200913519e+05
4.085397626127060503e+05
4.066949407035617623e+05
4.048544671814630274e+05
4.030183401297051460e+05
4.011865576260779053e+05
3.993591177428697702e+05
3.975360185468723066e+05
3.957172580993843731e+05
3.939028344562167767e+05
3.920927456676959991e+05
3.902869897794420831e+05
3.884855648326375522e+05
3.866884688632576726e+05
3.848956999018080533e+05
3.831072559733297676e+05
3.813231350974002853e+05
3.795433352881371975e+05
3.777678545542017091e+05
3.759966908987998031e+05
3.742298423196871299e+05
3.724673068091706373e+05
3.707090823541127611e+05
3.689551669359335210e+05
3.672055585306130815e+05
3.654602551086961757e+05
3.637192546352944337e+05
3.619825550700887106e+05
3.602501543673339766e+05
3.585220504758602474e+05
3.567982413390774745e+05
3.550787248949774075e+05
3.533634990761373192e+05
3.516525618097232655e+05
3.499459110174928792e+05
3.482435446157986298e+05
3.465454605155913159e+05
3.448516566224226262e+05
3.431621308364490978e+05
3.414768810524349101e+05
3.397959051597546786e+05
3.381192010423981119e+05
3.364467665789716411e+05
3.347785996427026112e+05
3.331146981014430057e+05
3.314550598176713102e+05
3.297996826484974008e+05
3.281485644456646405e+05
3.265017030555540696e+05
3.248590963191878982e+05
3.232207420722316019e+05
3.215866381449988112e+05
3.199567823624538723e+05
3.183311725442155730e+05
3.167098065045608673e+05
3.150926820524272043e+05
3.134797969914174173e+05
3.118711491198022850e+05
3.102667362305247225e+05
3.086665561112023424e+05
3.070706065441316459e+05
3.054788853062919807e+05
3.038913901693478692e+05
3.023081188989530783e+05
3.007290692544113845e+05
2.991542389893746004e+05
2.975836258521771524e+05
2.960172275858323555e+05
2.944550419280279893e+05
2.928970666111232713e+05
2.913432993621444330e+05
2.897937379027812276e+05
2.882483799493839033e+05
2.867072232129576150e+05
2.851702653991612606e+05
2.836375042083021253e+05
2.821089373353328556e+05
2.805845624698484316e+05
2.790643772960815113e+05
2.775483794929003343e+05
2.760365667338047642e+05
2.745289366869227961e+05
2.730254870150075294e+05
2.715262153754332103e+05
2.700311194201933686e+05
2.685401967958961613e+05
2.670534451437622774e+05
2.655708620996214449e+05
2.640924452939089388e+05
2.626181923516634852e+05
2.611481008925235365e+05
2.596821685307244770e+05
2.582203928750958294e+05
2.567627715290582273e+05
2.553093020906210877e+05
2.538599821523788851e+05
2.524148093015092891e+05
2.509737811197699048e+05
2.495368951834961772e+05
2.481041490635978989e+05
2.466755403255575802e+05
2.452510665294269565e+05
2.438307252298251260e+05
2.424145139759364538e+05
2.410024303115066141e+05
2.395944717748418916e+05
2.381906358988056891e+05
2.367909202108168975e+05
2.353953222328475676e+05
2.340038394814196508e+05
2.326164694676047657e+05
2.312332096970200073e+05
2.298540576698270161e+05
2.284790108807298820e+05
2.271080668189721182e+05
2.257412229686796200e+05
2.243784768095663749e+05
2.230198258165863808e+05
2.216652674592162948e+05
2.203147992014482152e+05
2.189684185017824639e+05
2.176261228132199030e+05
2.162879095832540188e+05
2.149537762538648676e+05
2.136237202615106944e+05
2.122977390371211804e+05
2.109758300060909241e+05
2.096579905882712919e+05
2.083442181979638990e+05
2.070345102439143229e+05
2.057288641293039545e+05
2.044272772517444100e+05
2.031297470032698475e+05
2.018362707703309134e+05
2.005468459337879904e+05
1.992614698689039797e+05
1.979801399453389458e+05
1.967028535271424334e+05
1.954296079727481119e+05
1.941605298597502988e+05
1.928957456444797572e+05
1.916352524372148328e+05
1.903790473425914533e+05
1.891271274595994037e+05
1.878794898815741763e+05
1.866361316961918492e+05
1.853970499854637310e+05
1.841622418257296085e+05
1.829317042876521591e+05
1.817054344362115953e+05
1.804834293306996115e+05
1.792656860247137956e+05
1.780522015661522746e+05
1.768429729972081259e+05
1.756379973543637898e+05
1.744372716683859471e+05
1.732407929643199313e+05
1.720485582614850719e+05
1.708605645734681748e+05
1.696768089081202634e+05
1.684972882675498258e+05
1.673219996481183916e+05
1.661509400404363405e+05
1.649841064293563832e+05
1.638214957939703017e+05
1.626631051076033618e+05
1.615089313378096558e+05
1.603589714460929390e+05
1.592132223870952148e+05
1.580716811088589020e+05
1.569343445536126383e+05
1.558012096577535849e+05
1.546722733518301975e+05
1.535475325605235994e+05
1.524269842026319820e+05
1.513106251910515130e+05
1.501984524327602703e+05
1.490904628288007807e+05
1.479866532742627896e+05
1.468870206582669634e+05
1.457915618639476597e+05
1.447002737684363965e+05
1.436131532428453211e+05
1.425301971522509120e+05
1.414514023556774482e+05
1.403767657060811762e+05
1.393062840503333136e+05
1.382399542292051483e+05
1.371777730773517396e+05
1.361197374232956208e+05
1.350658440894121304e+05
1.340160898919126485e+05
1.329704716408301610e+05
1.319289861400036607e+05
1.308916301870625466e+05
1.298584005734121893e+05
1.288292940842178650e+05
1.278043074983910192e+05
1.267834375885736663e+05
1.257666811211239547e+05
1.247540348561017308e+05
1.237454955472541042e+05
1.227410599420003127e+05
1.217407247814189177e+05
1.207444868002319708e+05
1.197523427267926745e+05
1.187642892830704805e+05
1.177803231846368872e+05
1.168004411406528670e+05
1.158246398538541980e+05
1.148529160205391236e+05
1.138852663305539172e+05
1.129216874672798440e+05
1.119621761076208204e+05
1.110067289219889790e+05
1.100553425742930267e+05
1.091080137219247408e+05
1.081647390157461632e+05
1.072255151001277845e+05
1.062903386139899958e+05
1.053592061907297466e+05
1.044321144571327604e+05
1.035090600333376788e+05
1.025900395328046288e+05
1.016750495622807648e+05
1.007640867217669729e+05
9.985714760448574089e+04
9.895422879684716463e+04
9.805532687841798179e+04
9.716043842188804410e+04
9.626955999303795397e+04
9.538268815070856363e+04
9.449981944676698186e+04
9.362095042607723735e+04
9.274607762646721676e+04
9.187519757869816385e+04
9.100830680643348023e+04
9.014540182620799169e+04
8.928647914739721455e+04
8.843153527218708768e+04
8.758056669554323889e+04
8.673356990518141538e+04
8.589054138153744861e+04
8.505147759773768485e+04
8.421637501956964843e+04
8.338523010545154102e+04
8.255803930640523322e+04
8.173479906602553092e+04
8.091550582045246847e+04
8.010015599834220484e+04
7.928874602083931677e+04
7.848127230154816061e+04
7.767773124650493264e+04
7.687811925415019505e+04
7.608243271530116908e+04
7.529066801312472671e+04
7.450282152310945094e+04
7.371888961303909309e+04
7.293886864296626300e+04
7.216275496518472210e+04
7.139054492420400493e+04
7.062223485672310926e+04
6.985782109160348773e+04
6.909729994984436780e+04
6.834066774455667473e+04
6.758792078093765303e+04
6.683905535624572076e+04
6.609406775977485813e+04
6.535295427289372310e+04
6.461571116920700297e+04
6.388233471444691531e+04
6.315282116622989997e+04
6.242716677400050685e+04
6.170536777897761203e+04
6.098742041410040110e+04
6.027332090397435240e+04
5.956306546481722035e+04
5.885665030440571718e+04
5.815407162202359177e+04
5.745532560840807855e+04
5.676040844569774345e+04
5.606931630738056265e+04
5.538204535824246705e+04
5.469859175431565382e+04
5.401895164282759652e+04
5.334312116215075366e+04
5.267109644175181165e+04
5.200287360214162618e+04
5.133844875482516363e+04
5.067781800225283951e+04
5.002097743777069263e+04
4.936792314557195641e+04
4.871865120064839721e+04
4.807315766874211840e+04
4.743143860629806295e+04
4.679349006041605026e+04
4.615930806880327873e+04
4.552888865972869098e+04
4.490222785197477788e+04
4.427932165479264222e+04
4.366016606785543263e+04
4.304475708121247590e+04
4.243309067524480633e+04
4.182516282061929815e+04
4.122096947824442759e+04
4.062050659922603518e+04
4.002377012482285500e+04
3.943075598640344106e+04
3.884146010540192947e+04
3.825587839327589609e+04
3.767400675146281719e+04
3.709584107133792713e+04
3.652137723417230882e+04
3.595061111109075136e+04
3.538353856303030625e+04
3.482015544069930911e+04
3.426045758428936824e+04
3.370444082308211364e+04
3.315210097560053691e+04
3.260343384982855059e+04
3.205843524309457280e+04
3.151710094195581041e+04
3.097942672208277509e+04
3.044540834814519621e+04
2.991504157369746827e+04
2.938832214106549509e+04
2.886524578123493120e+04
2.834580821373802610e+04
2.783000514654326253e+04
2.731783227594406344e+04
2.680928528644912876e+04
2.630435985067300498e+04
2.580305162922735326e+04
2.530535627061268315e+04
2.481126941111101769e+04
2.432078667467948981e+04
2.383390367284370586e+04
2.335061600459250621e+04
2.287091925627342425e+04
2.239480900148767978e+04
2.192228080098750070e+04
2.145333020257274620e+04
2.098795274098892696e+04
2.052614393782545812e+04
2.006789930141461082e+04
1.961321432673186064e+04
1.916208449529530481e+04
1.871450527506764047e+04
1.827047212035674602e+04
1.782998047171882354e+04
1.739302575586107560e+04
1.695960338554508053e+04
1.652970875949179754e+04
1.610333726228564046e+04
1.568048426428018138e+04
1.526114512150455266e+04
1.484531517557054758e+04
1.443298975357925519e+04
1.402416416803002357e+04
1.361883371672919020e+04
1.321699368269857951e+04
1.281863933396642096e+04
1.242376592201553285e+04
1.203236868177982979e+04
1.164444283294910565e+04
1.125998357981350273e+04
1.087898611111077480e+04
1.050144559987331741e+04
1.012735720327682793e+04
9.756716062489198521e+03
9.389517302520805970e+03
9.025756032076198608e+03
8.665427343405783176e+03
8.308526312159141526e+03
7.955047997238812968e+03
7.604987440655706450e+03
7.258339667384978384e+03
6.915099685222608969e+03
6.575262484643841162e+03
6.238823038661386818e+03
5.905776302685495466e+03
5.576117214384488761e+03
5.249840693547157571e+03
4.926941641944460571e+03
4.607414943193551153e+03
4.291255462622502819e+03
3.978458047135034576e+03
3.669017525077797472e+03
3.362928706107428297e+03
3.060186381058534607e+03
2.760785321814008057e+03
2.464720281173707917e+03
2.171985992727335542e+03
1.882577170725213364e+03
1.596488509952323511e+03
1.313714685601880774e+03
1.034250353150069714e+03
7.580901482328772545e+02
4.852286865222267807e+02
2.156605636044405401e+02
-5.061964514176361263e+01
-3.136173846647143364e+02
-5.733381203596945852e+02
-8.297873381865210831e+02
-1.082970543257892132e+03
-1.332893259515520185e+03
-1.579561031740391627e+03
-1.822979426682228222e+03
-2.063154033591737971e+03
-2.300090464748442173e+03
-2.533794355987338349e+03
-2.764271367221605033e+03
-2.991527182962512597e+03
-3.215567512836772949e+03
-3.436398092100629583e+03
-3.654024682150920853e+03
-3.868453071033582091e+03
-4.079689073948655277e+03
-4.287738533753436059e+03
-4.492607321460964158e+03
-4.694301336737349629e+03
-4.892826508395373821e+03
-5.088188794884597883e+03
-5.280394184779608622e+03
-5.469448697264771909e+03
-5.655358382615959272e+03
-5.838129322679480538e+03
-6.017767631348688155e+03
-6.194279455035924911e+03
-6.367670973144005984e+03
-6.537948398532113060e+03
-6.705117977981455624e+03
-6.869185992655111477e+03
-7.030158758557867259e+03
-7.188042626990936697e+03
-7.342843985004350543e+03
-7.494569255847018212e+03
-7.643224899413064122e+03
-7.788817412686068565e+03
-7.931353330179583281e+03
-8.070839224374620244e+03
-8.207281706155044958e+03
-8.340687425239710137e+03
-8.471063070533331484e+03
-8.598415370395407081e+03
-8.722751092824153602e+03
-8.844077045541955158e+03
-8.962400076065445319e+03
-9.077727071774657816e+03
-9.190064959981245920e+03
-9.299420707994606346e+03
-9.405801323187770322e+03
-9.509213853060966358e+03
-9.609665385305648670e+03
-9.707163047865265980e+03
-9.801714008996728808e+03
-9.893325477329082787e+03
-9.982004701922414824e+03
-1.006775897232396528e+04
-1.015059561862493865e+04
-1.023052201151405461e+04
-1.030754556233179756e+04
-1.038167372312187217e+04
-1.045291398668265902e+04
-1.052127388661657460e+04
-1.058676099737896584e+04
-1.064938293432490900e+04
-1.070914735375600867e+04
-1.076606195296486840e+04
-1.082013447027886286e+04
-1.087137268510251306e+04
-1.091978441795916297e+04
-1.096537753053056076e+04
-1.100815992569644004e+04
-1.104813954757130705e+04
-1.108532438154146075e+04
-1.111972245429991744e+04
-1.115134183388110250e+04
-1.118019063069787808e+04
-1.120627699954644777e+04
-1.122960914258495905e+04
-1.125019531355309300e+04
-1.126804382220935076e+04
-1.128316303874296136e+04
-1.129556139816320501e+04
-1.130524740466289222e+04
-1.131222963595972396e+04
-1.131651674761180766e+04
-1.131811747730919160e+04
-1.131704064914234914e+04
-1.131329517784575000e+04
-1.130689007301721722e+04
-1.129783444331306964e+04
-1.128613750061951578e+04
-1.127180856420006603e+04
-1.125485706481803209e+04
-1.123529254883527756e+04
-1.121312468228698708e+04
-1.118836325493198819e+04
-1.116101818427932449e+04
-1.113109951959038153e+04
-1.109861744585656561e+04
-1.106358228775346652e+04
-1.102600451357034035e+04
-1.098589473911630921e+04
-1.094326373160094954e+04
-1.089812241349183023e+04
-1.085048186634830199e+04
-1.080035333462641574e+04
-1.074774822799442336e+04
-1.069267811827897094e+04
-1.063515473113348708e+04
-1.057518993634684011e+04
-1.051279573819972575e+04
-1.044798426586901769e+04
-1.038076776388101280e+04
-1.031115858261217363e+04
-1.023916916883899830e+04
-1.016481205633445643e+04
-1.008809985651471652e+04
-1.000904524913197383e+04
-9.927660973017569631e+03
-9.843959816870978102e+03
-9.757954610099550337e+03
-9.669658213703893125e+03
-9.579083511213539168e+03
-9.486243399669416249e+03
-9.391150780655676499e+03
-9.293818551378557459e+03
-9.194259595794137567e+03
-9.092486775784054771e+03
-8.988512922379653901e+03
-8.882350827033864334e+03
-8.774013232942204922e+03
-8.663512826410355046e+03
-8.550862231724662706e+03
-8.436074037168640643e+03
-8.319160859341733158e+03
-8.200135417828103527e+03
-8.079010609380435199e+03
-7.955799581686733291e+03
-7.830515806722920388e+03
-7.703173153688432649e+03
-7.573785961527144536e+03
-7.442369111031759530e+03
-7.308938096533063799e+03
-7.173509097172645852e+03
-7.036099047761410475e+03
-6.896725709220394492e+03
-6.755407738607842475e+03
-6.612164758728584275e+03
-6.467017427329905331e+03
-6.319987505879718810e+03
-6.171097927929833531e+03
-6.020372867064084858e+03
-5.867837804429698735e+03
-5.713519592622993514e+03
-5.557446417621336877e+03
-5.399647572888294235e+03
-5.240153143218485638e+03
-5.078993688532616943e+03
-4.916199929466936737e+03
-4.751802434757119045e+03
-4.585831310417270288e+03
-4.418315890713362023e+03
-4.249284430931787938e+03
-4.078763801941880956e+03
-3.906779186554020271e+03
-3.733353777671465650e+03
-3.558508478238014504e+03
-3.382261602979153395e+03
-3.204628581939032301e+03
-3.025621676297159865e+03
-2.845250262171961367e+03
-2.663522471867967397e+03
-2.480447690173517913e+03
-2.296039097390137613e+03
-2.110316197404405102e+03
-1.923307330800686032e+03
-1.735052173015661538e+03
-1.545604217534419149e+03
-1.355033244128106162e+03
-1.163427772134076804e+03
-9.708974981531500816e+02
-7.775757189898286015e+02
-5.836217411402612925e+02
-3.892232752388808876e+02
-1.945988147957250476e+02
-6.984919309616088867e-10
