1.529345759140875889e+05
1.528396327637680515e+05
1.526764396004434384e+05
1.524974134291300434e+05
1.523051980852596753e+05
1.521022237923377543e+05
1.518906950256517157e+05
1.516726015456072637e+05
1.514497114866642223e+05
1.512235797038592864e+05
1.509955419065845781e+05
1.507667185042063938e+05
1.505380167396167817e+05
1.503100729271721793e+05
1.500834278194412764e+05
1.498583534393470909e+05
1.496349125211689097e+05
1.494129635138959566e+05
1.491922307256637432e+05
1.489724194434111414e+05
1.487532599340705492e+05
1.485345089265299903e+05
1.483159490773421130e+05
1.480973903127637459e+05
1.478786109252863389e+05
1.476595259058716765e+05
1.474400208181374765e+05
1.472200069583992881e+05
1.469994206170054094e+05
1.467782236467652547e+05
1.465564039137840155e+05
1.463339733080027509e+05
1.461109668389563449e+05
1.458874455952862918e+05
1.456634875514646119e+05
1.454391160029454331e+05
1.452144654338300752e+05
1.449896085614429321e+05
1.447646118784950231e+05
1.445395353458419268e+05
1.443144353676266328e+05
1.440893632697395515e+05
1.438643654718809412e+05
1.436394834144279012e+05
1.434146965565833380e+05
1.431900949702193320e+05
1.429657040969311784e+05
1.427415458450135775e+05
1.425176373448809900e+05
1.422939908725472633e+05
1.420706139894551015e+05
1.418475107837680553e+05
1.416246793376117712e+05
1.414021116190964822e+05
1.411797963289725594e+05
1.409576600889884576e+05
1.407357444299913768e+05
1.405140333941466815e+05
1.402925132507327071e+05
1.400711698679504916e+05
1.398499886669247353e+05
1.396289573258202872e+05
1.394080644206027791e+05
1.391872994222900597e+05
1.389666527024609968e+05
1.387461168489949778e+05
1.385256259031623194e+05
1.383052296389581170e+05
1.380849219353200751e+05
1.378646975709654507e+05
1.376445521601220535e+05
1.374244822132616246e+05
1.372044864066703885e+05
1.369845629645790905e+05
1.367647095795910573e+05
1.365449261710374849e+05
1.363252134604596358e+05
1.361055147414843086e+05
1.358858907082977239e+05
1.356663459280387324e+05
1.354468844804180553e+05
1.352275098127037054e+05
1.350082270586306986e+05
1.347890411961487553e+05
1.345699570220565074e+05
1.343509791058533883e+05
1.341321131810998195e+05
1.339133634127324331e+05
1.336946739969763439e+05
1.334761071316933958e+05
1.332576663827008742e+05
1.330393551261388930e+05
1.328211765323865984e+05
1.326031349294071260e+05
1.323852330957569648e+05
1.321674722687422764e+05
1.319498548389082425e+05
1.317323830037362932e+05
1.315150587693875423e+05
1.312978255003115046e+05
1.310807446189591719e+05
1.308638175620012917e+05
1.306470442241117271e+05
1.304304256667556765e+05
1.302139627588700823e+05
1.299976561902023095e+05
1.297815064590244438e+05
1.295655152351707511e+05
1.293496826499655290e+05
1.291340073121988389e+05
1.289184305785059114e+05
1.287030104510235251e+05
1.284877463496040727e+05
1.282726376482241321e+05
1.280576851286789897e+05
1.278428882575153402e+05
1.276282451981275808e+05
1.274137554945564480e+05
1.271994187343440572e+05
1.269852345379300823e+05
1.267712025684519467e+05
1.265572654873768042e+05
1.263434814142611867e+05
1.261298487768016348e+05
1.259163673828438914e+05
1.257030370812905021e+05
1.254898577535770019e+05
1.252768293216777674e+05
1.250639530866431014e+05
1.248512290426457330e+05
1.246385975056919124e+05
1.244261169048570009e+05
1.242137873416725779e+05
1.240016089488774887e+05
1.237895818985790829e+05
1.235777077400358976e+05
1.233659867150578357e+05
1.231544177488671994e+05
1.229430011525806185e+05
1.227317372666256560e+05
1.225206264705604408e+05
1.223096108355118922e+05
1.220987504918196064e+05
1.218880459203378123e+05
1.216774962829415454e+05
1.214671021273545048e+05
1.212568640279035608e+05
1.210467825942952186e+05
1.208368584351576719e+05
1.206270935014024290e+05
1.204174883788688458e+05
1.202080423052188562e+05
1.199986975487513555e+05
1.197895129663139523e+05
1.195804891088078730e+05
1.193716265065032931e+05
1.191629270335376204e+05
1.189543911977977841e+05
1.187460181623243116e+05
1.185378084135038371e+05
1.183297624382222566e+05
1.181218807012457401e+05
1.179141636685041594e+05
1.177065548926557676e+05
1.174991130530368246e+05
1.172918372405311384e+05
1.170847278668939834e+05
1.168777853466082452e+05
1.166710100705381046e+05
1.164644024328639498e+05
1.162579641464240849e+05
1.160516955850090308e+05
1.158455957552827604e+05
1.156396650113756186e+05
1.154338455248173850e+05
1.152281957878976245e+05
1.150227161253012309e+05
1.148174081779996632e+05
1.146122722509156447e+05
1.144073072819446388e+05
1.142025135570091952e+05
1.139978913363048632e+05
1.137934408866510494e+05
1.135891624488925154e+05
1.133850576110804977e+05
1.131810685410626756e+05
1.129772522540039499e+05
1.127736090182919579e+05
1.125701390452461637e+05
1.123668425643688388e+05
1.121637197883464978e+05
1.119607722870861762e+05
1.117580002741806093e+05
1.115554026433358085e+05
1.113529796098696097e+05
1.111507314081496443e+05
1.109486002846583724e+05
1.107466444454306475e+05
1.105448654645112256e+05
1.103432635599655332e+05
1.101418376324954734e+05
1.099405879017914995e+05
1.097395146076399251e+05
1.095386179708867421e+05
1.093378982327791164e+05
1.091373569508643413e+05
1.089369943674762762e+05
1.087367515079898294e+05
1.085366864781329350e+05
1.083367995227556676e+05
1.081370908665745810e+05
1.079375607557993499e+05
1.077382107500677666e+05
1.075390410965615592e+05
1.073400506876102736e+05
1.071412397720523586e+05
1.069425508119453152e+05
1.067440418229982024e+05
1.065457130560342193e+05
1.063475660723041656e+05
1.061496011234895559e+05
1.059518171069376112e+05
1.057542142759013950e+05
1.055567928611953103e+05
1.053595531172469200e+05
1.051624952756805724e+05
1.049656209223530605e+05
1.047688726504781807e+05
1.045723069875359797e+05
1.043759241495227034e+05
1.041797243639077351e+05
1.039837078837898880e+05
1.037878749360650836e+05
1.035922270988731761e+05
1.033967645949713769e+05
1.032014863421794144e+05
1.030063925601593946e+05
1.028114834922100563e+05
1.026167018528226472e+05
1.024221053836579376e+05
1.022276956495377817e+05
1.020334728607673023e+05
1.018394359260108904e+05
1.016455850525685528e+05
1.014519204726093303e+05
1.012584423899262620e+05
1.010651510335278581e+05
1.008720479277288105e+05
1.006791332979664730e+05
1.004863486625214136e+05
1.002937515981458855e+05
1.001013423261081625e+05
9.990912103817339812e+04
9.971708795251493575e+04
9.952524457924850867e+04
9.933359113302826881e+04
9.914212647649791325e+04
9.895085082169348607e+04
9.875976435020554345e+04
9.856886727103139856e+04
9.837810256581904832e+04
9.818752895656609326e+04
9.799714664736922714e+04
8.362790264351086807e+04
8.343790084266554913e+04
8.324808956681273412e+04
8.305846901453456667e+04
8.286903935259436548e+04
8.267980209361902962e+04
8.249075740053475602e+04
8.230190414855873678e+04
8.211318546844672528e+04
8.192465857948036864e+04
8.173632366165463463e+04
8.154818085615939344e+04
8.136023165757540846e+04
8.117247621914502815e+04
8.098491341067767644e+04
8.079754338423075387e+04
8.061036632310782443e+04
8.042338237759296317e+04
8.023659172951697838e+04
8.004993898581402027e+04
7.986348117971190368e+04
7.967721717852045549e+04
7.949114712817536201e+04
7.930527120690746233e+04
7.911958955889030767e+04
7.893410236089088721e+04
7.874881106442613236e+04
7.856371584429559880e+04
7.837881553143337078e+04
7.819411029968303046e+04
7.800954361962038092e+04
7.782517233195996960e+04
7.764099660843581660e+04
7.745701789174156147e+04
7.727323635164051666e+04
7.708965081576682860e+04
7.690626145294902381e+04
7.672306839605139976e+04
7.654007181245539687e+04
7.635721662713977275e+04
7.617455951568370801e+04
7.599209933870655368e+04
7.580983622480276972e+04
7.562777033781664795e+04
7.544590180461258569e+04
7.526423078759675263e+04
7.508275871301493316e+04
7.490148574129692861e+04
7.472041069409050397e+04
7.453953373092997936e+04
7.435879866447950189e+04
7.417826196186912421e+04
7.399792378056075540e+04
7.381778553785310942e+04
7.363784738922870019e+04
7.345810815338138491e+04
7.327856798491923837e+04
7.309922699960485625e+04
7.292008535531809321e+04
7.274114317232678877e+04
7.256240189885406289e+04
7.238380554726814444e+04
7.220540907098280150e+04
7.202721261922481062e+04
7.184921630126117088e+04
7.167142026468379481e+04
7.149382461684466398e+04
7.131643079557934834e+04
7.113923890563801979e+04
7.096224779890684295e+04
7.078545757892263646e+04
7.060886838840060227e+04
7.043242444844727288e+04
7.025618178069748683e+04
7.008014181415167695e+04
6.990430464698126889e+04
6.972866912872111425e+04
6.955323535636236193e+04
6.937800346705973789e+04
6.920297355592896929e+04
6.902814575852865528e+04
6.885352145330564235e+04
6.867910077362792799e+04
6.850482687148096738e+04
6.833075553272200341e+04
6.815688688900710258e+04
6.798322102900048776e+04
6.780975808277991018e+04
6.763649941896657401e+04
6.746344516545416263e+04
6.729059412468061782e+04
6.711794642357940029e+04
6.694550214528405922e+04
6.677326141516517964e+04
6.660116889627167257e+04
6.642928140900425205e+04
6.625759907584374014e+04
6.608612069635112130e+04
6.591484639207583677e+04
6.574377623983504600e+04
6.557291035963293689e+04
6.540224882647709455e+04
6.523179303361754864e+04
6.506154305350703362e+04
6.489149772765373928e+04
6.472160195268443204e+04
6.455191101877114852e+04
6.438242504061253567e+04
6.421314411269528500e+04
6.404406964636172052e+04
6.387520170925867569e+04
6.370653914165473543e+04
6.353808200932199543e+04
6.336983042317941727e+04
6.320172947805083822e+04
6.303383425323224219e+04
6.286614612543868134e+04
6.269866515619332495e+04
6.253139018547689193e+04
6.236432127416919684e+04
6.219745852921428741e+04
6.203080201007895812e+04
6.186435182255538530e+04
6.169810928826738382e+04
6.153207451118958124e+04
6.136619157227620599e+04
6.120051528634921124e+04
6.103504575638608367e+04
6.086978303697894444e+04
6.070472722995594086e+04
6.053987964822239883e+04
6.037524039178079693e+04
6.021080825189016468e+04
6.004658332807931583e+04
5.988256567071753670e+04
5.971875537818673183e+04
5.955509805404332292e+04
5.939164949673185765e+04
5.922840980229174602e+04
5.906537776103967917e+04
5.890255346855484822e+04
5.873993697035853984e+04
5.857752836088572803e+04
5.841532768425797985e+04
5.825333628557348857e+04
5.809155420673718618e+04
5.792998028739151778e+04
5.776856039727132884e+04
5.760734879896882921e+04
5.744634558298150660e+04
5.728555078860223875e+04
5.712496575292909984e+04
5.696459051303195884e+04
5.680442390867660288e+04
5.664446597636590013e+04
5.648471680317554274e+04
5.632517642421701748e+04
5.616584492542815860e+04
5.600666969395049091e+04
5.584770468467933824e+04
5.568894871178851463e+04
5.553040180055987730e+04
5.537206403434585081e+04
5.521393544377131911e+04
5.505601611119833251e+04
5.489830730528803542e+04
5.474080910668184515e+04
5.458352030338920304e+04
5.442644097578579385e+04
5.426951754949368478e+04
5.411280370516635594e+04
5.395629952175228391e+04
5.380000625934329582e+04
5.364392399515377474e+04
5.348805151716306864e+04
5.333238890232720587e+04
5.317693617324171646e+04
5.302169340586666658e+04
5.286666062155153486e+04
5.271183912591577973e+04
5.255717563341070490e+04
5.240272229137492832e+04
5.224847917333465011e+04
5.209444629758116207e+04
5.194062373664199549e+04
5.178701150756065908e+04
5.163361090810435417e+04
5.148042195318662561e+04
5.132744348633452319e+04
5.117467552209160931e+04
5.102211812998217647e+04
5.086971832242709934e+04
5.071752916882283171e+04
5.056555195900498074e+04
5.041378670356341172e+04
5.026223224705514440e+04
5.011088859970915655e+04
4.995975582760050020e+04
4.980883393970773614e+04
4.965812300110208162e+04
4.950757149007947010e+04
4.935723221643095894e+04
4.920710402580512164e+04
4.905718692411169468e+04
4.890748097396823869e+04
4.875798618003305455e+04
4.860870260391771444e+04
4.845963146147532098e+04
4.831077281251981913e+04
4.816212544584478019e+04
4.801368942104524467e+04
4.786541232673500781e+04
4.771734667537444329e+04
4.756949253340862924e+04
4.742185110803155112e+04
4.727442245619036839e+04
4.712720536780785187e+04
4.698019990002349368e+04
4.683340605057653738e+04
4.668682387599420326e+04
4.654045337315516372e+04
4.639429580094832636e+04
4.624829905072136899e+04
4.610251407769689104e+04
4.595694093690515729e+04
4.581157962310587754e+04
4.566643019069715228e+04
4.552149263355752919e+04
4.537676820358875557e+04
4.523225689283755491e+04
4.508795755545627617e+04
4.494387018354061001e+04
4.479999482955603162e+04
4.465627971356405760e+04
4.451277665851156053e+04
4.436948690917561180e+04
4.422641045450176171e+04
4.408354615130431193e+04
4.394089398856852495e+04
4.379845401650494023e+04
4.365622622318078356e+04
4.351421065813336463e+04
4.337240849663862900e+04
4.323081978671290562e+04
4.308939189452957362e+04
4.294817629920244508e+04
4.280717304862180026e+04
4.266638212765748904e+04
4.252580358350812458e+04
4.238543858318525599e+04
4.224528717233792122e+04
4.210534814988392463e+04
4.196562156162009342e+04
4.182610738956995192e+04
4.168680567882319156e+04
4.154766532707889564e+04
4.140873864004659117e+04
4.127002566094501526e+04
4.113152519050046976e+04
4.099323727207205957e+04
4.085516188436582161e+04
4.071729907001616084e+04
4.057964880675291352e+04
4.044221230141632259e+04
4.030498950578775839e+04
4.016797927141055698e+04
4.003113084633197286e+04
3.989449499988058233e+04
3.975807177308388054e+04
3.962186114145096508e+04
3.948586431322876888e+04
3.935008126235994860e+04
3.921451086084931740e+04
3.907915308307256782e+04
3.894400796911380894e+04
3.880907549276623467e+04
3.867435569377876527e+04
3.853979934175974631e+04
3.840545684088097187e+04
3.827132706734175736e+04
3.813740999348963669e+04
3.800370565824976075e+04
3.787021403334761271e+04
3.773693515733604727e+04
3.760387015797999629e+04
3.747101907254561957e+04
3.733833065039089706e+04
3.720585499267684645e+04
3.707359213704137073e+04
3.694154205300618196e+04
3.680970477780062356e+04
3.667808143147634109e+04
3.654667204992932966e+04
3.641547544908437703e+04
3.628449166532003437e+04
3.615372066610709589e+04
3.602316248738489230e+04
3.589276740903330210e+04
3.576258629908674629e+04
3.563261919194684015e+04
3.550286490666029567e+04
3.537332347808685154e+04
3.524399487124881125e+04
3.511487912053187029e+04
3.498597619021749415e+04
3.485728725424711592e+04
3.472881227508987649e+04
3.460055014517673408e+04
3.447245152489528118e+04
3.434456574952507799e+04
3.421689285177832062e+04
3.408943279332516249e+04
3.396218674070748966e+04
3.383515465373665211e+04
3.370833542878381559e+04
3.358172903191980731e+04
3.345533551783197618e+04
3.332915486353542656e+04
3.320318710020872822e+04
3.307738440588675439e+04
3.295179572075526812e+04
3.282641994677355979e+04
3.270125704321442754e+04
3.257630704171558318e+04
3.245156990141280403e+04
3.232704565406762413e+04
3.220273538126380299e+04
3.207863911389779241e+04
3.195475568706543709e+04
3.183108513271439006e+04
3.170757890040069469e+04
3.158428553117703996e+04
3.146120505715165928e+04
3.133833855333278188e+04
3.121568605088522600e+04
3.109324639009425300e+04
3.097101960312064330e+04
3.084900564776486135e+04
3.072720455618710548e+04
3.060561628589621978e+04
3.048424197971176181e+04
3.036303349393267126e+04
3.024203784876906138e+04
3.012125507636590919e+04
3.000068513348320266e+04
2.988032805220046430e+04
2.976018489451432833e+04
2.964025569141804590e+04
2.952053929220199643e+04
2.940103572875648388e+04
2.928174495669583848e+04
2.916266700779012172e+04
2.904375415520340903e+04
2.892505521204254183e+04
2.880657020892220316e+04
2.868829799985801219e+04
2.857023861631077307e+04
2.845239201241188857e+04
2.833475821943950723e+04
2.821733719103888143e+04
2.810013005149651144e+04
2.798313675280014286e+04
2.786635623157305236e+04
2.774974118510624976e+04
2.763333889934312901e+04
2.751714940485559055e+04
2.740117265247236355e+04
2.728540973646160273e+04
2.716986058544355910e+04
2.705452414250558650e+04
2.693940035997933592e+04
2.682448926976726216e+04
2.670974392506318691e+04
2.659521125832830148e+04
2.648089238329973887e+04
2.636678725255552854e+04
2.625289481860770320e+04
2.613921503568085609e+04
2.602574793859319470e+04
2.591249348200566601e+04
2.579945170147171302e+04
2.568662362592393765e+04
2.557400929055380402e+04
2.546156111920482363e+04
2.534932560531169293e+04
2.523730278619610181e+04
2.512549261783549446e+04
2.501389513816988620e+04
2.490251137074112194e+04
2.479134135299755144e+04
2.468038397293021262e+04
2.456963926961258403e+04
2.445910719973017694e+04
2.434878780287574045e+04
2.423863503228286572e+04
2.412869599226610444e+04
2.401897072213092179e+04
2.390945811716247408e+04
2.380015821819168923e+04
2.369107098241528729e+04
2.358219645107089309e+04
2.347353458140036673e+04
2.336508646886190400e+04
2.325685206947691040e+04
2.314883037024886289e+04
2.304097578809052357e+04
2.293333390557780513e+04
2.282590476520663651e+04
2.271868832419298997e+04
2.261168567227388849e+04
2.250489676531280566e+04
2.239832059820869472e+04
2.229195712792649283e+04
2.218580639766123204e+04
2.207986836420476902e+04
2.197414307092496892e+04
2.186858644671669754e+04
2.176324359539116267e+04
2.165811351639492204e+04
2.155319616756497999e+04
2.144849159503320698e+04
2.134399975804594578e+04
2.123972070448895101e+04
2.113565542775928043e+04
2.103180397629138315e+04
2.092816527788407984e+04
2.082473938375737634e+04
2.072148167567834025e+04
2.061843678778555477e+04
2.051560477375471964e+04
2.041298662412981503e+04
2.031058239292504732e+04
2.020839101922581904e+04
2.010641255965450546e+04
2.000464698122144910e+04
1.990309434194240021e+04
1.980175460978411138e+04
1.970062886242469540e+04
1.959967298311274499e+04
1.949893009728801553e+04
1.939840026631258661e+04
1.929808346038853051e+04
1.919797974208329106e+04
1.909808908235217677e+04
1.899841255582356825e+04
1.889895013282302534e+04
1.879970086605934193e+04
1.870062105949968100e+04
1.860175444732164033e+04
1.850310109599930001e+04
1.840466097877937136e+04
1.830643516647702199e+04
1.820842363149416633e+04
1.811062543760106200e+04
1.801304055898031220e+04
1.791566906485371874e+04
1.781851092979114037e+04
1.772156622382934438e+04
1.762479276979062706e+04
1.752823378490228788e+04
1.743188834349880926e+04
1.733575642098937533e+04
1.723983808933809632e+04
1.714413332415168406e+04
1.704864220268273493e+04
1.695336569983896334e+04
1.685830389563686913e+04
1.676345578035304789e+04
1.666882143323961645e+04
1.657435822446411476e+04
1.648010885056341067e+04
1.638607339720672462e+04
1.629225283306126948e+04
1.619864724658001796e+04
1.610525564880733145e+04
1.601207813341228757e+04
1.591911469605928869e+04
1.582636543425550917e+04
1.573383034691459034e+04
1.564151050704810768e+04
1.554936385219596559e+04
1.545743157722431351e+04
1.536571378889464540e+04
1.527421049386169761e+04
1.518292180234938860e+04
1.509184772385290125e+04
1.500098933549231151e+04
1.491034664804220665e+04
1.481991881347057642e+04
1.472970584660017630e+04
1.463970786739914911e+04
1.454988339678893681e+04
1.446027405417468981e+04
1.437088091933843680e+04
1.428170401181391208e+04
1.419274250264398870e+04
1.410399641504028114e+04
1.401546587930867099e+04
1.392715092076509609e+04
1.383905167239706498e+04
1.375116910795302829e+04
1.366350336163217435e+04
1.357601260349919903e+04
1.348873788278491702e+04
1.340167933889530832e+04
1.331483700380290975e+04
1.322821101924468530e+04
1.314180235648876987e+04
1.305561115810886258e+04
1.296963652214969625e+04
1.288387862304507871e+04
1.279833752425946295e+04
1.271301337646046886e+04
1.262786591545399278e+04
1.254293653201672714e+04
1.245822538341680774e+04
1.237373158813104965e+04
1.228945530988351675e+04
1.220539660165581154e+04
1.212155563205876388e+04
1.203793245813902467e+04
1.195452817280997988e+04
1.187134283543867059e+04
1.178837570292624878e+04
1.170558716090471717e+04
1.162301707076581079e+04
1.154066561721864855e+04
1.145853287043221644e+04
1.137661992951907450e+04
1.129492686636961298e+04
1.121345296228560619e+04
1.113219829393088003e+04
1.105116305819636909e+04
1.097030818633874878e+04
1.088967302743869368e+04
1.080925868478548364e+04
1.072906524084805278e+04
1.064909199977677781e+04
1.056933904829758103e+04
1.048980659607262351e+04
1.041049473229510477e+04
1.033140366989659378e+04
1.025253439099501702e+04
1.017388711009541294e+04
1.009542255215096520e+04
1.001717941261618398e+04
9.939157912196969846e+03
9.861358147736376850e+03
9.783780342720914632e+03
9.706425476287724450e+03
9.629293772974517196e+03
9.552384450818819460e+03
9.475697712463414064e+03
9.399233627075736877e+03
9.322992427102988586e+03
9.246936459385615308e+03
9.171104634366027312e+03
9.095497223980142735e+03
9.020113509376737056e+03
8.944953784021607134e+03
8.870018219533725642e+03
8.795307128824235406e+03
8.720820701581134927e+03
8.646560129175952170e+03
8.572525617059291108e+03
8.498716654483665479e+03
8.425096419413108379e+03
8.351702326640894171e+03
8.278534753817017190e+03
8.205593950214213692e+03
8.132881159345037304e+03
8.060396644454449415e+03
7.988139967323979363e+03
7.916111408365453826e+03
7.844311396045552101e+03
7.772740225618676050e+03
7.701398341602500295e+03
7.630250614002230577e+03
7.559333777713298332e+03
7.488647462021443062e+03
7.418191997544665355e+03
7.347967867379891686e+03
7.277975415315304417e+03
7.208215138976403978e+03
7.138688219967472833e+03
7.069395168160786852e+03
7.000335525168455206e+03
6.931509816363977734e+03
6.862882961370225530e+03
6.794490959636692423e+03
6.726334356681560166e+03
6.658414361675793771e+03
6.590731526424176991e+03
6.523285434930177871e+03
6.456076641375955660e+03
6.389105541237862781e+03
6.322372686806949787e+03
6.255878469792485703e+03
6.189624240464647301e+03
6.123575791759125423e+03
6.057767462462768890e+03
5.992199799930909649e+03
5.926873186217679176e+03
5.861788166278216522e+03
5.796945117866562214e+03
5.732345370097900741e+03
5.667989294093218632e+03
5.603876640800794121e+03
5.540007778908300679e+03
5.476383245296950918e+03
5.412969734141021036e+03
5.349801449127437081e+03
5.286879695971845649e+03
5.224204829441790935e+03
5.161776604198268615e+03
5.099595372144598514e+03
5.037661659633973613e+03
4.975975813328521326e+03
4.914538356142351404e+03
4.853317514975788072e+03
4.792346679729293101e+03
4.731625607649271842e+03
4.671154632140183821e+03
4.610934267389937304e+03
4.550964841082808562e+03
4.491246863508771639e+03
4.431781416302546859e+03
4.372569057696440723e+03
4.313609473301097751e+03
4.254903364257304929e+03
4.196419478749390692e+03
4.138190531095897313e+03
4.080217472432123031e+03
4.022501868155028205e+03
3.965044828792335466e+03
3.907846617978357244e+03
3.850908506839768961e+03
3.794231642299913801e+03
3.737817450186703354e+03
3.681667226347781252e+03
3.625783259312098380e+03
3.570136254810960963e+03
3.514757955971814226e+03
3.459650161249679513e+03
3.404814523192995694e+03
3.350252982863807119e+03
3.295968024900823366e+03
3.241961726798210293e+03
3.188235309216368478e+03
3.134790988105291035e+03
3.081630811537499540e+03
3.028757127854507416e+03
2.976142636315780692e+03
2.923819964798574802e+03
2.871791652643645648e+03
2.820059373357333243e+03
2.768625793283921666e+03
2.717493354942183942e+03
2.666664689549943432e+03
2.616141992853314150e+03
2.565928187705518212e+03
2.516025073727359995e+03
2.466433875341434032e+03
2.417127991747984197e+03
2.368136950404092204e+03
2.319462075692601502e+03
2.271104225047165528e+03
2.223064991445222404e+03
2.175344864003942348e+03
2.127943807559844572e+03
2.080861957887012977e+03
2.034099566096556373e+03
1.987656418984872289e+03
1.941532424096949399e+03
1.895701206574449316e+03
1.850188764276041184e+03
1.804993889072153252e+03
1.760115529282193165e+03
1.715552763912128285e+03
1.671304219232464675e+03
1.627368654834746849e+03
1.583744968867686111e+03
1.540431604932702612e+03
1.497426043462008238e+03
1.454727123182965443e+03
1.412309737364586908e+03
1.370200093325751368e+03
1.328400911288626958e+03
1.286916508248716127e+03
1.245752247344993521e+03
1.204913919645827264e+03
1.164409480317321140e+03
1.124247826236998662e+03
1.084439443481969647e+03
1.044995704718341585e+03
1.005930104562488850e+03
9.672334506341721863e+02
9.289435526282177307e+02
8.910769844584865496e+02
8.536510438747936860e+02
8.166846386818215251e+02
7.801973250516457483e+02
7.442107852906337939e+02
7.087467656822991557e+02
6.738281071569654159e+02
6.394561681174673140e+02
6.056700146439834498e+02
5.724824414370814338e+02
5.398999127814313397e+02
5.079244071672437713e+02
4.765512368020135909e+02
4.457704694332787767e+02
4.155665536237647757e+02
3.859192399783059955e+02
3.568023756269831210e+02
3.281851845560013317e+02
3.000144144073128700e+02
2.722661606598994695e+02
2.448938804789213464e+02
2.178460564693668857e+02
1.910667990949586965e+02
1.645051007961155847e+02
1.381388326683081686e+02
1.119893160731298849e+02
8.612156019668327644e+01
6.064319215778959915e+01
3.570544442074606195e+01
1.148631755780661479e+01
-1.176386484026443213e+01
-3.376807533524697646e+01
-5.420980064786272123e+01
-7.273070531443227082e+01
-8.893542937422171235e+01
-1.023862110261106864e+02
-1.126100405984325334e+02
-1.190916737029911019e+02
-1.212829086926649325e+02