0.0014722820352013073
0.0014621240416049367
0.0014621240416049367
0.001461218833293773
0.001460313932730035
0.001459409339864945
0.001459409339864945
0.00145850505464973
0.0014576010770356136
0.0014566974069738208
0.0014566974069738208
0.0014557940444155778
0.0014548909893121091
0.0014548909893121091
0.0014539882416146374
0.0014439145810638547
0.0014430169152742397
0.0014430169152742397
0.0014421195559465745
0.0014412225030320856
0.0014412225030320856
0.0014403257564819978
0.0014394293162475341
0.001438533182279921
0.001438533182279921
0.0014376373545303832
0.001436741832950146
0.0014358466174904333
0.0014358466174904333
0.00142585693845783
0.0014249667836347475
0.0014249667836347475
0.0014240769339881414
0.0014231873894692366
0.0014222981500292594
0.0014222981500292594
0.001421409215619433
0.0014205205861909831
0.0014196322616951355
0.0014196322616951355
0.0014187442420831144
0.001417856527306144
0.001417856527306144
0.0014079504782643134
0.001407067802852747
0.0014061854313321836
0.0014061854313321836
0.0014053033636538474
0.001404421599768965
0.0014035401396287597
0.0014035401396287597
0.0014026589831844585
0.0014017781303872837
0.0014017781303872837
0.0014008975811884625
0.0014000173355392187
0.0013991373933907772
0.0013901945649607544
0.0013893193374056878
0.0013884444124561506
0.0013884444124561506
0.001387569790063368
0.0013866954701785643
0.0013858214527529644
0.0013858214527529644
0.0013849477377377943
0.001384074325084278
0.0013832012147436405
0.0013832012147436405
0.0013823284066671077
0.0013814559008059023
0.001372588563024602
0.0013717207517710197
0.0013708532418374932
0.0013699860331752465
0.0013699860331752465
0.0013691191257355058
0.0013682525194694953
0.0013673862143284417
0.0013673862143284417
0.0013665202102635672
0.0013656545072260975
0.0013656545072260975
0.001364789105167259
0.0013639240040382752
0.001354271410426191
0.001354271410426191
0.001353411283953659
0.0013525514574669346
0.0013525514574669346
0.0013516919309172403
0.0013508327042558038
0.0013499737774338484
0.0013499737774338484
0.0013491151504026002
0.0013482568231132836
0.0013473987955171234
0.0013473987955171234
0.001346541067565344
0.001336970677848653
0.001336970677848653
0.0013361179032820997
0.0013352654274158802
0.0013344132502012174
0.0013344132502012174
0.001333561371589338
0.0013327097915314667
0.001331858509978829
0.001331858509978829
0.0013310075268826473
0.00133015684219415
0.00133015684219415
0.00132930645586456
0.0013198179185158546
0.0013189724643002632
0.0013189724643002632
0.0013181273074995324
0.0013172824480648857
0.0013164378859475483
0.0013164378859475483
0.0013155936210987446
0.0013147496534696996
0.0013147496534696996
0.00131390598301164
0.0013130626096757893
0.001312219533413371
0.001312219533413371
0.0013028124969052441
0.0013019743314856005
0.0013019743314856005
0.0013011364621953424
0.0013002988889856948
0.0012994616118078828
0.0012994616118078828
0.0012986246306131316
0.0012977879453526654
0.0012969515559777094
0.0012969515559777094
0.0012961154624394897
0.0012952796646892289
0.0012952796646892289
0.0012859537774942732
0.0012851228693155597
0.001284292255980759
0.001284292255980759
0.0012834619374410949
0.0012826319136477933
0.001281802184552077
0.001281802184552077
0.001280972750105173
0.001280143610258306
0.001280143610258306
0.0012793147649627005
0.0012784862141695817
0.001277657957830174
0.00126924112476039
0.0012684174422675919
0.001267594053333232
0.0012667709579085352
0.0012667709579085352
0.0012659481559447272
0.0012651256473930324
0.0012651256473930324
0.0012643034322046744
0.0012634815103308794
0.0012626598817228728
0.0012626598817228728
0.001261838546331879
0.0012610175041091233
0.0012526739031810446
0.0012518574148191448
0.0012510412187302109
0.001250225314865466
0.001250225314865466
0.0012494097031761353
0.0012485943836134438
0.0012477793561286171
0.0012477793561286171
0.0012469646206728791
0.0012461501771974552
0.0012461501771974552
0.0012453360256535703
0.0012445221659924501
0.00123544215144767
0.00123544215144767
0.0012346331166491445
0.0012338243727893353
0.0012330159198194668
0.0012330159198194668
0.0012322077576907636
0.0012313998863544512
0.0012313998863544512
0.0012305923057617544
0.0012297850158638978
0.0012289780166121061
0.0012289780166121061
0.001228171307957605
0.0012191710166306157
0.0012191710166306157
0.001218369111567484
0.0012175674961575945
0.0012167661703521722
0.0012167661703521722
0.0012159651341024408
0.0012151643873596265
0.0012143639300749548
0.0012143639300749548
0.0012135637621996497
0.0012127638836849349
0.0012127638836849349
0.0012119642944820373
0.001203043374845432
0.0012022485679626781
0.0012022485679626781
0.001201454049447692
0.0012006598192516999
0.0011998658773259253
0.0011998658773259253
0.0011990722236215941
0.0011982788580899297
0.0011982788580899297
0.0011974857806821605
0.0011966929913495078
0.0011959004900431972
0.0011959004900431972
0.0011870585905695674
0.001186270850312175
0.0011854833971370778
0.0011854833971370778
0.001184696230995499
0.0011839093518386653
0.0011839093518386653
0.0011831227596178005
0.0011823364542841303
0.001181550435788879
0.001181550435788879
0.0011807647040832725
0.0011799792591185342
0.0011799792591185342
0.0011712160282804738
0.0011704353230934268
0.0011696549037032015
0.0011696549037032015
0.0011688747700610202
0.0011680949221181112
0.0011673153598256974
0.0011673153598256974
0.0011665360831350042
0.001165757091997256
0.001165757091997256
0.0011649783863636786
0.001164199966185497
0.0011634218314139346
0.0011555150524555986
0.001154741350783882
0.0011539679336235113
0.0011531948009257142
0.0011531948009257142
0.0011524219526417132
0.0011516493887227335
0.0011516493887227335
0.001150877109120002
0.0011501051137847412
0.0011493334026681777
0.0011493334026681777
0.0011485619757215352
0.0011477908328960398
0.0011399550275723927
0.0011391882978609893
0.0011384218513754599
0.0011376556880670278
0.0011376556880670278
0.0011368898078869196
0.0011361242107863596
0.0011353588967165722
0.0011353588967165722
0.0011345938656287832
0.0011338291174742172
0.0011338291174742172
0.0011330646522040991
0.0011323004697696537
0.0011237755288021987
0.0011237755288021987
0.0011230160214364935
0.0011222567959624122
0.001121497852331181
0.001121497852331181
0.0011207391904940233
0.0011199808104021658
0.0011199808104021658
0.0011192227120068322
0.0011184648952592478
0.0011177073601106376
0.0011177073601106376
0.0011169501065122266
0.001108502408084961
0.0011077498082840637
0.0011077498082840637
0.001106997489089317
0.0011062454504519456
0.0011062454504519456
0.001105493692323176
0.0011047422146542312
0.001103991017396337
0.001103991017396337
0.0011032401005007188
0.0011024894639186011
0.0011024894639186011
0.0011017391076012086
0.0010933683001867237
0.0010926225763956189
0.0010926225763956189
0.0010918771319251915
0.0010911319667266653
0.0010903870807512659
0.0010903870807512659
0.0010896424739502187
0.0010888981462747484
0.0010888981462747484
0.0010881540976760804
0.001087410328105438
0.0010866668375140482
0.0010866668375140482
0.0010783725695849386
0.0010776336902486097
0.0010768950889474844
0.0010768950889474844
0.0010761567656327874
0.0010754187202557438
0.0010754187202557438
0.0010746809527675777
0.0010739434631195151
0.0010732062512627805
0.0010732062512627805
0.0010724693171485992
0.0010717326607281958
0.001070996281952795
0.0010635145807570531
0.001062782514320485
0.0010620507246336464
0.0010620507246336464
0.0010613192116477625
0.001060587975314058
0.0010598570155837574
0.0010598570155837574
0.001059126332408087
0.0010583959257382707
0.0010583959257382707
0.0010576657955255332
0.0010569359417211006
0.0010562063642761963
0.0010487936981805187
0.0010480684130886949
0.0010473434034611268
0.00104661866924904
0.00104661866924904
0.0010458942104036586
0.001045170026876208
0.001045170026876208
0.0010444461186179125
0.0010437224855799985
0.0010429991277136905
0.0010429991277136905
0.001042276044970212
0.001041553237300789
0.0010334907510306881
0.0010334907510306881
0.001032772489907375
0.0010320545029140695
0.0010320545029140695
0.0010313367900019953
0.0010306193511223783
0.0010299021862264438
0.0010299021862264438
0.0010291852952654158
0.0010284686781905194
0.0010284686781905194
0.0010277523349529797
0.0010270362655040225
0.001019048892623915
0.001019048892623915
0.0010183373484498408
0.0010176260771203002
0.0010169150785865181
0.0010169150785865181
0.001016204352799719
0.0010154938997111276
0.0010154938997111276
0.0010147837192719705
0.0010140738114334702
0.001013364176146854
0.001013364176146854
0.001012654813363345
0.0010047422023458249
0.0010040373435659738
0.0010040373435659738
0.0010033327563451827
0.0010026284406346754
0.0010026284406346754
0.0010019243963856786
0.0010012206235494156
0.0010005171220771126
0.0010005171220771126
0.0009998138919199934
0.0009991109330292837
0.0009984082453562081
0.0009984082453562081
0.0009905700446738678
0.0009898718397332237
0.0009898718397332237
0.0009891739050661658
0.0009884762406239182
0.000987778846357707
0.000987778846357707
0.0009870817222187563
0.000986384868158291
0.000986384868158291
0.0009856882841275366
0.0009849919700777184
0.00098429592596006
0.00098429592596006
0.0009765317840854921
0.0009758402014290393
0.0009751488877606985
0.0009751488877606985
0.000974457843031695
0.0009737670671932533
0.0009737670671932533
0.0009730765601965991
0.0009723863219929564
0.0009716963525335512
0.0009716963525335512
0.0009710066517696077
0.0009703172196523506
0.0009696280561330055
0.0009626267850581484
0.0009619417931308707
0.0009612570689062313
0.0009612570689062313
0.0009605726123354553
0.0009598884233697684
0.000959204501960394
0.000959204501960394
0.000958520848058558
0.0009578374616154851
0.0009571543425824008
0.0009571543425824008
0.0009564714909105293
0.0009557889065510955
0.0009488544120692854
0.0009481759793161674
0.0009474978129802135
0.0009468199130126502
0.0009468199130126502
0.0009461422793647003
0.0009454649119875908
0.0009454649119875908
0.0009447878108325452
0.0009441109758507897
0.0009434344069935484
0.0009434344069935484
0.000942758104212046
0.0009420820674575082
0.0009345421244623793
0.0009345421244623793
0.000933870484460095
0.000933199109540727
0.000933199109540727
0.0009325279996555
0.0009318571547556383
0.0009311865747923676
0.0009311865747923676
0.0009305162597169131
0.0009298462094804992
0.0009291764240343503
0.0009291764240343503
0.0009285069033296925
0.0009210395930469552
0.0009210395930469552
0.0009203744478233245
0.0009197095663971368
0.0009190449487196153
0.0009190449487196153
0.0009183805947419867
0.0009177165044154749
0.0009177165044154749
0.0009170526776913054
0.0009163891145207019
0.0009157258148548914
0.0009157258148548914
0.0009150627786450973
0.000907667749547345
0.0009070090675473525
0.0009070090675473525
0.0009063506480593284
0.0009056924910344982
0.0009056924910344982
0.0009050345964240857
0.0009043769641793169
0.0009037195942514164
0.0009037195942514164
0.0009030624865916087
0.0009024056411511197
0.0009017490578811738
0.0009017490578811738
0.0008944259584409983
0.000893773708109628
0.000893773708109628
0.0008931217190047525
0.0008924699910775957
0.0008918185242793843
0.0008918185242793843
0.0008911673185613423
0.0008905163738746953
0.0008898656901706668
0.0008898656901706668
0.0008892152674004836
0.0008885651055153697
0.0008885651055153697
0.0008813135842053658
0.0008806677339876006
0.0008800221437108571
0.0008800221437108571
0.0008793768133263592
0.0008787317427853326
0.0008787317427853326
0.0008780869320390016
0.0008774423810385913
0.0008767980897353272
0.0008767980897353272
0.0008761540580804333
0.0008755102860251351
0.0008748667735206574
0.0008683299913178947
0.0008676905096587203
0.0008670512866550925
0.0008670512866550925
0.0008664123222582375
0.0008657736164193792
0.0008651351690897433
0.0008651351690897433
0.0008644969802205547
0.0008638590497630376
0.0008632213776684184
0.0008632213776684184
0.0008625839638879202
0.0008619468083727692
0.0008554745442560371
0.0008548413996004359
0.0008542085123149089
0.0008535758823506801
0.0008535758823506801
0.0008529435096589752
0.0008523113941910182
0.0008523113941910182
0.0008516795358980349
0.0008510479347312495
0.0008504165906418883
0.0008504165906418883
0.0008497855035811742
0.0008491546735003335
0.0008421197682901982
0.0008421197682901982
0.0008414931851677551
0.000840866858081137
0.000840866858081137
0.0008402407869815688
0.0008396149718202754
0.0008389894125484811
0.0008389894125484811
0.000838364109117412
0.000837739061478292
0.0008371142695823468
0.0008371142695823468
0.000836489733380801
0.0008295249802054549
0.0008295249802054549
0.0008289046696910807
0.0008282846139270576
0.00082766481286461
0.00082766481286461
0.0008270452664549633
0.0008264259746493436
0.000825806937398974
0.000825806937398974
0.0008251881546550799
0.000824569626368887
0.000824569626368887
0.0008239513524916198
0.0008170563998236574
0.0008164423303623354
0.0008164423303623354
0.0008158285143658909
0.000815214951785549
0.000815214951785549
0.0008146016425725335
0.0008139885866780715
0.0008133757840533853
0.0008133757840533853
0.0008127632346497022
0.0008121509384182452
0.000811538895310241
0.000811538895310241
0.0008047133916222539
0.0008041055316589691
0.0008041055316589691
0.0008034979238750877
0.0008028905682218348
0.000802283464650435
0.000802283464650435
0.0008016766131121136
0.0008010700135580965
0.0008004636659396068
0.0008004636659396068
0.0007998575702078704
0.0007992517263141129
0.0007992517263141129
0.0007924953200786953
0.0007918936380584307
0.0007912922069320958
0.0007912922069320958
0.0007906910266509164
0.0007900900971661163
0.000789489418428921
0.000789489418428921
0.0007888889903905555
0.0007882888130022446
0.0007882888130022446
0.0007876888862152128
0.000787089209980686
0.0007864897842498885
0.0007804015496704301
0.0007798060140381703
0.0007792107280143667
0.0007792107280143667
0.0007786156915502442
0.0007780209045970276
0.0007774263671059421
0.0007774263671059421
0.0007768320790282128
0.0007762380403150643
0.0007756442509177214
0.0007756442509177214
0.0007750507107874087
0.0007744574198753526
0.0007684314448749082
0.0007678420240756371
0.0007672528515993485
0.0007666639273972673
0.0007666639273972673
0.0007660752514206187
0.0007654868236206271
0.0007648986439485178
0.0007648986439485178
0.0007643107123555155
0.0007637230287928458
0.0007637230287928458
0.0007631355932117327
0.0007625484055634017
0.0007560010326482813
0.0007560010326482813
0.0007554179421644918
0.000754835098669436
0.000754835098669436
0.0007542525021143389
0.0007536701524504253
0.0007530880496289203
0.0007530880496289203
0.0007525061936010487
0.0007519245843180349
0.0007513432217311055
0.0007513432217311055
0.0007507621057914834
0.0007442824042335512
0.0007442824042335512
0.0007437053641872451
0.000743128569844199
0.0007425520211556377
0.0007425520211556377
0.000741975718072786
0.0007413996605468697
0.0007408238485291124
0.0007408238485291124
0.0007402482819707399
0.0007396729608229772
0.0007396729608229772
0.000739097885037049
0.0007326855033088978
0.0007321144821450593
0.0007321144821450593
0.0007315437053990066
0.000730973173021965
0.0007304028849651598
0.0007304028849651598
0.0007298328411798153
0.0007292630416171567
0.0007292630416171567
0.0007286934862284093
0.0007281241749647977
0.0007275551077775466
0.0007275551077775466
0.0007212096943517701
0.0007206446605153824
0.0007206446605153824
0.0007200798698113078
0.0007195153221907698
0.0007189510176049949
0.0007189510176049949
0.0007183869560052069
0.0007178231373426313
0.0007172595615684929
0.0007172595615684929
0.0007166962286340164
0.0007161331384904271
0.0007161331384904271
0.0007098543418396176
0.0007092952637756657
0.0007087364275585524
0.0007087364275585524
0.0007081778331395026
0.0007076194804697417
0.0007070613695004944
0.0007070613695004944
0.0007065035001829853
0.0007059458724684401
0.0007059458724684401
0.000705388486308083
0.0007048313416531393
0.000704274438454834
0.0006986188102498899
0.0006980656564033573
0.0006975127431181899
0.0006969600703456121
0.0006969600703456121
0.0006964076380368495
0.0006958554461431269
0.0006958554461431269
0.0006953034946156687
0.0006947517834057006
0.0006942003124644469
0.0006942003124644469
0.000693649081743133
0.0006930980911929835
0.0006875024640600362
0.0006869552028759075
0.0006864081809676699
0.0006858613982865479
0.0006858613982865479
0.0006853148547837684
0.0006847685504105537
0.0006842224851181312
0.0006842224851181312
0.0006836766588577237
0.0006831310715805578
0.0006831310715805578
0.0006825857232378578
0.000682040613780848
0.0006759632676707655
0.0006759632676707655
0.0006754221055844413
0.0006748811814397606
0.0006743404951879467
0.0006743404951879467
0.0006738000467802256
0.0006732598361678213
0.0006732598361678213
0.0006727198633019598
0.0006721801281338649
0.0006716406306147626
0.0006716406306147626
0.0006711013706958773
0.0006650892152653813
0.0006650892152653813
0.0006645538814459554
0.0006640187842826983
0.0006634839237268356
0.0006634839237268356
0.0006629492997295908
0.0006624149122421895
0.0006618807612158576
0.0006618807612158576
0.0006613468466018186
0.0006608131683512982
0.0006608131683512982
0.0006602797264155207
0.0006543324101372042
0.0006538028730296604
0.0006538028730296604
0.0006532735712928117
0.0006527445048778831
0.0006522156737360996
0.0006522156737360996
0.0006516870778186855
0.0006511587170768667
0.0006511587170768667
0.0006506305914618674
0.0006501027009249129
0.0006495750454172279
0.0006495750454172279
0.0006436922167636835
0.0006431684448130059
0.0006426449069475497
0.0006426449069475497
0.0006421216031185398
0.0006415985332772012
0.0006415985332772012
0.0006410756973747586
0.0006405530953624369
0.0006400307271914618
0.0006400307271914618
0.0006395085928130571
0.0006389866921784484
0.0006389866921784484
0.0006331679996222694
0.0006326499612734418
0.0006321321557243621
0.0006321321557243621
0.0006316145829262549
0.0006310972428303451
0.0006305801353878581
0.0006305801353878581
0.000630063260550018
0.0006295466182680506
0.0006295466182680506
0.0006290302084931802
0.000628514031176632
0.0006279980862696311
0.0006227591231904107
0.0006222467868884178
0.0006217346821006987
0.0006212228087784782
0.0006212228087784782
0.0006207111668729815
0.0006201997563354338
0.0006201997563354338
0.0006196885771170598
0.000619177629169084
0.0006186669124427319
0.0006186669124427319
0.0006181564268892281
0.000617646172459798
0.0006124649519455581
0.0006119582861353831
0.0006114518505540086
0.0006109456451526592
0.0006109456451526592
0.0006104396698825597
0.0006099339246949353
0.0006094284095410107
0.0006094284095410107
0.0006089231243720109
0.0006084180691391609
0.0006084180691391609
0.0006079132437936857
0.0006074086482868107
0.0006017838234917875
0.0006017838234917875
0.0006012830255617415
0.0006007824565262473
0.000600282116336529
0.000600282116336529
0.000599782004943812
0.0005992821222993213
0.0005992821222993213
0.0005987824683542816
0.0005982830430599182
0.0005977838463674552
0.0005977838463674552
0.0005972848782281189
0.0005917227634350805
0.0005912275716013473
0.0005912275716013473
0.0005907326073766919
0.0005902378707123388
0.0005902378707123388
0.0005897433615595136
0.0005892490798694408
0.0005887550255933451
0.0005887550255933451
0.0005882611986824522
0.0005877675990879861
0.0005877675990879861
0.0005872742267611726
0.0005817744704427118
0.0005812848531502754
0.0005812848531502754
0.0005807954621814428
0.0005803062974874397
0.0005798173590194898
0.0005798173590194898
0.0005793286467288189
0.0005788401605666515
0.0005788401605666515
0.000578351900484213
0.0005778638664327277
0.000577376058363421
0.000577376058363421
0.0005719383089921305
0.0005714542346859751
0.00057097038541795
0.00057097038541795
0.00057048676113928
0.0005700033618011898
0.0005700033618011898
0.0005695201873549048
0.00056903723775165
0.0005685545129426497
0.0005685545129426497
0.0005680720128791294
0.0005675897375123141
0.0005671076867934279
0.0005622136435607866
0.0005617350806858965
0.0005612567415636624
0.0005612567415636624
0.0005607786261453099
0.0005603007343820636
0.0005598230662251487
0.0005598230662251487
0.0005593456216257898
0.0005588684005352124
0.0005588684005352124
0.0005583914029046411
0.0005579146286853007
0.0005574380778284163
0.0005525998386261299
0.0005521267556274884
0.0005516538950960299
0.0005511812569829786
0.0005511812569829786
0.0005507088412395608
0.0005502366478169997
0.0005502366478169997
0.0005497646766665212
0.0005492929277393507
0.000548821400986712
0.000548821400986712
0.0005483500963598309
0.0005478790138099322
0.0005426286239882012
0.0005426286239882012
0.000542161210492502
0.0005416940181297368
0.0005416940181297368
0.0005412270468511303
0.0005407602966079078
0.0005402937673512939
0.0005402937673512939
0.0005398274590325136
0.0005393613716027924
0.0005393613716027924
0.0005388955050133544
0.0005384298592154251
0.0005332400502454838
0.0005332400502454838
0.0005327780522305279
0.0005323162740630325
0.000531854715694222
0.000531854715694222
0.0005313933770753216
0.0005309322581575565
0.0005309322581575565
0.0005304713588921513
0.000530010679230331
0.0005295502191233205
0.0005295502191233205
0.0005290899785223448
0.0005239603988767863
0.0005235037847875579
0.0005235037847875579
0.0005230473892603159
0.0005225912122462859
0.0005225912122462859
0.0005221352536966919
0.0005216795135627592
0.0005212239917957127
0.0005212239917957127
0.0005207686883467776
0.0005203136031671785
0.0005198587362081406
0.0005198587362081406
0.0005147890343595578
0.0005143377726410411
0.0005143377726410411
0.0005138867281990371
0.000513435900984771
0.0005129852909494674
0.0005129852909494674
0.0005125348980443515
0.0005120847222206481
0.0005120847222206481
0.0005116347634295821
0.0005111850216223785
0.0005107354967502624
0.0005107354967502624
0.000505725321171248
0.0005052793802684271
0.0005048336553566449
0.0005048336553566449
0.0005043881463871271