0.0001705135600832997
0.00017018565936565268
0.00017018565936565268
0.00016998731400095742
0.0001697891221656416
0.00016959108380054517
0.00016959108380054517
0.00016939319884650835
0.00016919546724437106
0.00016899788893497378
0.00016899788893497378
0.00016880046385915636
0.00016860319195775899
0.00016860319195775899
0.00016840607317162177
0.00016808087991975395
0.00016788417372690773
0.00016788417372690773
0.00016768762042755652
0.00016749121996254045
0.00016749121996254045
0.00016729497227269957
0.0001670988772988742
0.0001669029349819043
0.0001669029349819043
0.00016670714526262993
0.0001665115080818915
0.00016631602338052883
0.00016631602338052883
0.00016599352637032737
0.00016579845254795653
0.00016579845254795653
0.0001656035309831966
0.00016540876161688742
0.00016521414438986924
0.00016521414438986924
0.00016501967924298212
0.00016482536611706625
0.0001646312049529617
0.0001646312049529617
0.00016443719569150862
0.00016424333827354704
0.00016424333827354704
0.00016392352628089883
0.00016373007802763032
0.0001635367813960881
0.0001635367813960881
0.00016334363632711235
0.00016315064276154343
0.00016295780064022125
0.00016295780064022125
0.00016276510990398602
0.00016257257049367768
0.00016257257049367768
0.00016238018235013662
0.00016218794541420276
0.0001619958596267164
0.000161870807214995
0.000161678977729455
0.00016148729922975716
0.00016148729922975716
0.00016129577165674167
0.00016110439495124849
0.00016091316905411784
0.00016091316905411784
0.00016072209390618965
0.0001605311694483043
0.00016034039562130172
0.00016034039562130172
0.0001601497723660222
0.0001599592996233057
0.00015983529673614175
0.00015964507921695706
0.00015945501204773027
0.0001592650951693014
0.0001592650951693014
0.00015907532852251055
0.00015888571204819788
0.00015869624568720355
0.00015869624568720355
0.00015850692938036763
0.00015831776306853015
0.00015831776306853015
0.0001581287466925315
0.0001579398801932116
0.00015762831005366275
0.00015762831005366275
0.00015743984741353336
0.00015725153442831772
0.00015725153442831772
0.00015706337103885587
0.00015687535718598788
0.00015668749281055376
0.00015668749281055376
0.00015649977785339386
0.00015631221225534828
0.000156124795957257
0.000156124795957257
0.00015593752889996016
0.00015562859780309803
0.00015562859780309803
0.00015544173289069294
0.00015525501699731705
0.00015506845006381067
0.00015506845006381067
0.00015488203203101384
0.00015469576283976675
0.00015450964243090952
0.00015450964243090952
0.0001543236707452821
0.00015413784772372487
0.00015413784772372487
0.0001539521733070778
0.00015364587002878946
0.00015346059604273493
0.00015346059604273493
0.0001532754704398255
0.00015309049316090124
0.0001529056641468022
0.0001529056641468022
0.0001527209833383686
0.00015253645067644052
0.00015253645067644052
0.00015235206610185809
0.00015216782955546141
0.00015198374097809058
0.00015198374097809058
0.00015168005429426303
0.00015149636443318582
0.00015149636443318582
0.00015131282231936944
0.00015112942789365376
0.00015094618109687914
0.00015094618109687914
0.0001507630818698856
0.00015058013015351336
0.00015039732588860224
0.00015039732588860224
0.0001502146690159928
0.00015003215947652487
0.00015003215947652487
0.00014973107816304516
0.00014954896562557177
0.00014936700019947487
0.00014936700019947487
0.00014918518182559462
0.00014900351044477088
0.0001488219859978439
0.0001488219859978439
0.000148640608425654
0.00014845937766904104
0.00014845937766904104
0.00014827829366884532
0.0001480973563659067
0.00014791656570106571
0.00014779886919866198
0.00014761832718341905
0.00014743793164366832
0.00014725768252024974
0.00014725768252024974
0.00014707757975400364
0.00014689762328576995
0.00014689762328576995
0.00014671781305638888
0.00014653814900670057
0.0001463586310775451
0.0001463586310775451
0.00014617925920976267
0.00014600003334419326
0.0001458833549646397
0.00014570437667025383
0.00014552554421547574
0.00014534685754114568
0.00014534685754114568
0.00014516831658810365
0.00014498992129718973
0.0001448116716092442
0.0001448116716092442
0.00014463356746510707
0.0001444556088056186
0.0001444556088056186
0.00014427779557161862
0.00014410012770394763
0.00014380704164960241
0.00014380704164960241
0.0001436297654784237
0.00014345263445180847
0.00014327564851059714
0.00014327564851059714
0.0001430988075956297
0.00014292211164774625
0.00014292211164774625
0.00014274556060778687
0.00014256915441659176
0.00014239289301500117
0.00014239289301500117
0.00014221677634385497
0.00014192624968499095
0.00014192624968499095
0.00014175052299603808
0.0001415749408157645
0.00014139950308501045
0.00014139950308501045
0.00014122420974461584
0.0001410490607354211
0.00014087405599826614
0.00014087405599826614
0.00014069919547399115
0.00014052447910343615
0.00014052447910343615
0.0001403499068274414
0.00014006192833994577
0.00013988774433184532
0.00013988774433184532
0.0001397137041965399
0.00013953980787486964
0.0001393660553076747
0.0001393660553076747
0.00013919244643579513
0.00013901898120007112
0.00013901898120007112
0.0001388456595413427
0.00013867248140045008
0.00013849944671823344
0.00013849944671823344
0.00013821400517799302
0.00013804135704937158
0.00013786885215766093
0.00013786885215766093
0.00013769649044370117
0.0001375242718483322
0.0001375242718483322
0.00013735219631239452
0.000137180263776728
0.00013700847418217284
0.00013700847418217284
0.00013683682746956914
0.000136665323579757
0.000136665323579757
0.0001363824077626591
0.00013621128871214326
0.00013604031226265392
0.00013604031226265392
0.00013586947835503104
0.00013569878693011486
0.00013552823792874557
0.00013552823792874557
0.0001353578312917631
0.00013518756696000771
0.00013518756696000771
0.00013501744487431954
0.00013484746497553865
0.00013467762720450517
0.00013456706365747007
0.00013439746688368638
0.00013422801207504487
0.0001340586991723856
0.0001340586991723856
0.00013388952811654878
0.00013372049884837432
0.00013372049884837432
0.00013355161130870264
0.0001333828654383736
0.00013321426117822755
0.00013321426117822755
0.00013304579846910432
0.0001328774772518443
0.00013276790042595214
0.00013259981912752726
0.00013243187915836023
0.00013226408045929113
0.00013226408045929113
0.0001320964229711601
0.0001319289066348073
0.00013176153139107284
0.00013176153139107284
0.00013159429718079672
0.00013142720394481924
0.00013142720394481924
0.0001312602516239805
0.00013109344015912054
0.00013081827300719212
0.00013081827300719212
0.00013065184107612616
0.00013048554977927382
0.00013031939905747527
0.00013031939905747527
0.0001301533888515705
0.00012998751910239987
0.00012998751910239987
0.00012982178975080337
0.00012965620073762107
0.00012949075200369318
0.00012949075200369318
0.0001293254434898598
0.00012905275608620734
0.0001288878253918689
0.0001288878253918689
0.0001287230346958599
0.0001285583839390203
0.0001285583839390203
0.00012839387306219036
0.0001282295020062101
0.0001280652707119196
0.0001280652707119196
0.00012790117912015922
0.0001277372271717688
0.0001277372271717688
0.00012757341480758872
0.00012730319592809888
0.00012713975966911474
0.00012713975966911474
0.0001269764627725756
0.00012681330517932163
0.00012665028683019289
0.00012665028683019289
0.0001264874076660296
0.00012632466762767193
0.00012632466762767193
0.0001261620666559598
0.00012599960469173352
0.00012583728167583314
0.00012583728167583314
0.0001255695200963933
0.00012540757147138984
0.00012524576157294708
0.00012524576157294708
0.00012508409034190534
0.0001249225577191045
0.0001249225577191045
0.00012476116364538485
0.00012459990806158627
0.0001244387909085492
0.0001244387909085492
0.00012427781212711355
0.00012411697165811962
0.00012395626944240723
0.0001238516561546165
0.00012369118836222043
0.00012353085866050083
0.00012353085866050083
0.00012337066699029774
0.00012321061329245136
0.0001230506975078018
0.0001230506975078018
0.00012289091957718923
0.0001227312794414536
0.0001227312794414536
0.00012257177704143519
0.0001224124123179741
0.00012225318521191043
0.00012214953166629497
0.00012199053790513287
0.00012183168159876279
0.0001216729626880251
0.0001216729626880251
0.0001215143811137597
0.00012135593681680692
0.00012135593681680692
0.00012119762973800664
0.00012103945981819923
0.00012088142699822466
0.00012088142699822466
0.00012072353121892307
0.00012056577242113459
0.0001203055476636532
0.0001203055476636532
0.00012014815795125944
0.00011999090499861359
0.00011999090499861359
0.00011983378874655581
0.00011967680913592627
0.00011951996610756506
0.00011951996610756506
0.00011936325960231236
0.00011920668956100808
0.00011920668956100808
0.00011905025592449265
0.00011889395863360594
0.00011863614520130791
0.00011863614520130791
0.00011848021528151679
0.0001183244214855895
0.0001181687637543659
0.0001181687637543659
0.00011801324202868622
0.00011785785624939056
0.00011785785624939056
0.00011770260635731906
0.00011754749229331193
0.00011739251399820907
0.00011739251399820907
0.00011723767141285078
0.0001169822580816229
0.00011682778115306127
0.00011682778115306127
0.00011667343971247902
0.00011651923370071614
0.00011651923370071614
0.00011636516305861296
0.00011621122772700944
0.00011605742764674586
0.00011605742764674586
0.00011590376275866216
0.00011575023300359861
0.00011559683832239525
0.00011559683832239525
0.00011534381386812476
0.00011519078312941907
0.00011519078312941907
0.00011503788724280832
0.0001148851261491329
0.00011473249978923272
0.00011473249978923272
0.000114580008103948
0.00011442765103411873
0.00011442765103411873
0.00011427542852058523
0.00011412334050418753
0.0001139713869257657
0.0001139713869257657
0.00011372074012433949
0.00011356914877411625
0.00011341769164010389
0.00011341769164010389
0.0001132663686631423
0.00011311517978407172
0.00011311517978407172
0.00011296412494373228
0.00011281320408296414
0.0001126624171426073
0.0001126624171426073
0.0001125117640635019
0.00011236124478648823
0.00011221085925240622
0.00011211296441379337
0.00011196280565067934
0.00011181278046789161
0.00011181278046789161
0.00011166288880627062
0.00011151313060665624
0.00011136350580988872
0.00011136350580988872
0.00011121401435680804
0.00011106465618825451
0.0001109154312450682
0.0001109154312450682
0.00011076633946808917
0.00011061738079815753
0.00011052041430001275
0.0001103716813226343
0.00011022308128969807
0.00011007461414204407
0.00011007461414204407
0.00010992627982051243
0.00010977807826594336
0.00010977807826594336
0.00010963000941917694
0.00010948207322105329
0.00010933426961241241
0.00010933426961241241
0.00010918659853409472
0.00010903905992694006
0.0001087957033535076
0.0001087957033535076
0.0001086485216690492
0.00010850147223398886
0.00010850147223398886
0.00010835455498916667
0.00010820776987542264
0.0001080611168335969
0.0001080611168335969
0.00010791459580452968
0.00010776820672906106
0.00010762194954803112
0.00010762194954803112
0.00010747582420228
0.00010723479930682527
0.00010723479930682527
0.0001070890291694715
0.0001069433906456314
0.00010679788367614501
0.00010679788367614501
0.00010665250820185267
0.00010650726416359427
0.00010650726416359427
0.0001063621515022101
0.00010621717015854012
0.00010607232007342462
0.00010607232007342462
0.00010592760118770361
0.0001056888967461137
0.000105544531354491
0.000105544531354491
0.0001054002969404977
0.00010525619344497392
0.00010525619344497392
0.00010511222080875971
0.00010496837897269523
0.00010482466787762058
0.00010482466787762058
0.00010468108746437596
0.00010453763767380148
0.00010439431844673715
0.00010439431844673715
0.00010415792323489907
0.00010401495578763408
0.00010401495578763408
0.00010387211868211416
0.00010372941185917938
0.00010358683525967
0.00010358683525967
0.000103444388824426
0.00010330207249428757
0.00010315988621009479
0.00010315988621009479
0.00010301782991268784
0.00010287590354290686
0.00010287590354290686
0.0001026418063367076
0.00010250023003242686
0.00010235878343400689
0.00010235878343400689
0.00010221746648228787
0.00010207627911810979
0.00010207627911810979
0.0001019352212823128
0.00010179429291573712
0.00010165349395922286
0.00010165349395922286
0.00010151282435361006
0.00010137228403973886
0.00010123187295844947
0.00010114047361506553
0.00010100028165239566
0.0001008602187597023
0.0001008602187597023
0.0001007202848778254
0.00010058047994760528
0.000100440803909882
0.000100440803909882
0.00010030125670549565
0.00010016183827528635
0.0001000225485600943
0.0001000225485600943
9.988338750075958e-05
9.974435503812227e-05
9.965385263349915e-05
9.951503821106666e-05
9.937635222272636e-05
9.923779460931838e-05
9.923779460931838e-05
9.90993653116828e-05
9.896106427065964e-05
9.896106427065964e-05
9.882289142708923e-05
9.868484672181158e-05
9.854693009566688e-05
9.854693009566688e-05
9.840914148949505e-05
9.827148084413646e-05
9.804442727196617e-05
9.804442727196617e-05
9.790711138660558e-05
9.776992324029291e-05
9.776992324029291e-05
9.763286277386844e-05
9.749592992817216e-05
9.735912464404423e-05
9.735912464404423e-05
9.722244686232473e-05
9.708589652385386e-05
9.69494735694717e-05
9.69494735694717e-05
9.681317794001842e-05
9.658837639862028e-05
9.658837639862028e-05
9.645242381486603e-05
9.631659833427539e-05
9.618089989768854e-05
9.618089989768854e-05
9.604532844594563e-05
9.590988391988678e-05
9.577456626035208e-05
9.577456626035208e-05
9.563937540818168e-05
9.55043113042157e-05
9.55043113042157e-05
9.536937388929424e-05
9.514681315455544e-05
9.5012217071034e-05
9.5012217071034e-05
9.48777474547919e-05
9.474340424666935e-05
9.474340424666935e-05
9.460918738750635e-05
9.447509681814316e-05
9.43411324794198e-05
9.43411324794198e-05
9.420729431217642e-05
9.407358225725317e-05
9.393999625549018e-05
9.393999625549018e-05
9.371966510329774e-05
9.358641871863571e-05
9.358641871863571e-05
9.345329816536878e-05
9.332030338433704e-05
9.318743431638058e-05
9.318743431638058e-05
9.30546909023396e-05
9.292207308305416e-05
9.278958079936445e-05
9.278958079936445e-05
9.26572139921105e-05
9.252497260213252e-05
9.252497260213252e-05
9.230685980837345e-05
9.217495632119743e-05
9.204317802953218e-05
9.204317802953218e-05
9.191152487421787e-05
9.177999679609451e-05
9.164859373600234e-05
9.164859373600234e-05
9.15173156347814e-05
9.138616243327188e-05
9.138616243327188e-05
9.125513407231387e-05
9.112423049274745e-05
9.099345163541283e-05
9.090832483330879e-05
9.077775744224539e-05
9.064731461080841e-05
9.064731461080841e-05
9.05169962798381e-05
9.038680239017443e-05
9.025673288265764e-05
9.025673288265764e-05
9.012678769812776e-05
8.999696677742503e-05
8.986727006138946e-05
8.986727006138946e-05
8.973769749086125e-05
8.960824900668048e-05
8.952398774163001e-05
8.93947496453058e-05
8.926563547272368e-05
8.913664516472389e-05
8.913664516472389e-05
8.90077786621465e-05
8.887903590583168e-05
8.875041683661952e-05
8.875041683661952e-05
8.862192139535009e-05
8.84935495228636e-05
8.84935495228636e-05
8.836530116000013e-05
8.82371762475998e-05
8.802586049390485e-05
8.802586049390485e-05
8.789806817880421e-05
8.777039909240159e-05
8.777039909240159e-05
8.764285317553701e-05
8.751543036905073e-05
8.73881306137828e-05
8.73881306137828e-05
8.726095385057336e-05
8.713390002026248e-05
8.700696906369034e-05
8.700696906369034e-05
8.688016092169706e-05
8.667101755156888e-05
8.667101755156888e-05
8.654454029257627e-05
8.641818562639735e-05
8.629195349387224e-05
8.629195349387224e-05
8.616584383584106e-05
8.603985659314393e-05
8.591399170662097e-05
8.591399170662097e-05
8.578824911711233e-05
8.56626287654581e-05
8.56626287654581e-05
8.553713059249844e-05
8.533014838182409e-05
8.520497937756604e-05
8.520497937756604e-05
8.507993233023747e-05
8.495500718067832e-05
8.483020386972886e-05
8.483020386972886e-05
8.470552233822909e-05
8.458096252701926e-05
8.458096252701926e-05
8.44565243769394e-05
8.433220782882969e-05
8.420801282353018e-05
8.420801282353018e-05
8.400318054819666e-05
8.387931299729987e-05
8.387931299729987e-05
8.37555667674481e-05
8.363194179948155e-05
8.350843803424036e-05
8.350843803424036e-05
8.33850554125646e-05
8.326179387529443e-05
8.313865336326993e-05
8.313865336326993e-05
8.30156338173313e-05
8.289273517831855e-05
8.289273517831855e-05
8.269004161421293e-05
8.256746871530383e-05
8.244501650155558e-05
8.244501650155558e-05
8.232268491380818e-05
8.220047389290184e-05
8.207838337967662e-05
8.207838337967662e-05
8.195641331497267e-05
8.183456363963014e-05
8.183456363963014e-05
8.171283429448916e-05
8.159122522038978e-05
8.146973635817215e-05
8.139065914339903e-05
8.12693740951043e-05
8.114820909608607e-05
8.102716408718441e-05
8.102716408718441e-05
8.090623900923951e-05
8.078543380309141e-05
8.078543380309141e-05
8.066474840958033e-05
8.05441827695463e-05
8.042373682382953e-05
8.042373682382953e-05
8.030341051327003e-05
8.018320377870809e-05
8.010496069928128e-05
7.998495670022746e-05
7.986507211456582e-05
7.97453068831365e-05
7.97453068831365e-05
7.962566094677959e-05
7.95061342463352e-05
7.938672672264353e-05
7.938672672264353e-05
7.926743831654463e-05
7.914826896887862e-05
7.914826896887862e-05
7.902921862048569e-05
7.89102872122059e-05
7.871414409419958e-05
7.871414409419958e-05
7.85955331205211e-05
7.847704086519067e-05
7.835866726904835e-05
7.835866726904835e-05
7.82404122729343e-05
7.812227581768856e-05
7.812227581768856e-05
7.800425784415134e-05
7.78863582931627e-05
7.776857710556286e-05
7.776857710556286e-05
7.765091422219182e-05
7.745686384054681e-05
7.745686384054681e-05
7.73395196774781e-05
7.722229359687316e-05
7.710518553957198e-05
7.710518553957198e-05
7.698819544641478e-05
7.687132325824163e-05
7.675456891589267e-05
7.675456891589267e-05
7.663793236020802e-05
7.652141353202783e-05
7.652141353202783e-05
7.640501237219215e-05
7.621304350279545e-05
7.609695934896313e-05
7.609695934896313e-05
7.598099264171019e-05
7.586514332187677e-05
7.574941133030303e-05
7.574941133030303e-05
7.5633796607829e-05
7.55182990952949e-05
7.55182990952949e-05
7.540291873354078e-05
7.528765546340682e-05
7.517250922573306e-05
7.517250922573306e-05
7.498261064447172e-05
7.486777969850234e-05
7.475306556322803e-05
7.475306556322803e-05
7.463846817948892e-05
7.452398748812521e-05
7.452398748812521e-05
7.440962342997691e-05
7.429537594588421e-05
7.418124497668724e-05
7.418124497668724e-05
7.406723046322607e-05
7.395333234634084e-05
7.395333234634084e-05
7.376549282910188e-05
7.365190828962199e-05
7.353843992495292e-05
7.353843992495292e-05
7.34250876759347e-05
7.331185148340759e-05
7.319873128821159e-05
7.319873128821159e-05
7.30857270311869e-05
7.297283865317358e-05
7.297283865317358e-05
7.286006609501182e-05
7.274740929754167e-05
7.263486820160335e-05
7.256161762021216e-05
7.244927268584835e-05
7.233704329041106e-05
7.222492937474034e-05
7.222492937474034e-05
7.211293087967638e-05
7.200104774605924e-05
7.200104774605924e-05
7.188927991472913e-05
7.177762732652611e-05
7.16660899222903e-05
7.16660899222903e-05
7.155466764286185e-05
7.144336042908088e-05
7.137091258132876e-05
7.125980045070763e-05
7.114880322312869e-05
7.103792083943204e-05
7.103792083943204e-05
7.092715324045785e-05
7.081650036704616e-05
7.070596216003721e-05
7.070596216003721e-05
7.059553856027103e-05
7.048522950858778e-05
7.048522950858778e-05
7.037503494582758e-05
7.026495481283056e-05
7.008341914772609e-05
7.008341914772609e-05
6.997364728663205e-05
6.986398963353604e-05
6.975444612927818e-05
6.975444612927818e-05
6.964501671469857e-05
6.953570133063731e-05
6.953570133063731e-05
6.942649991793457e-05
6.931741241743046e-05
6.920843876996508e-05
6.920843876996508e-05
6.909957891637859e-05
6.892005634042989e-05
6.881150304444742e-05
6.881150304444742e-05
6.870306332057862e-05
6.859473710966369e-05
6.859473710966369e-05
6.848652435254266e-05
6.837842499005575e-05
6.8270438963043e-05
6.8270438963043e-05
6.81625662123446e-05
6.80548066788006e-05
6.80548066788006e-05
6.79471603032512e-05
6.776963959234538e-05
6.766229806010099e-05
6.766229806010099e-05
6.7555069464086e-05
6.744795374514054e-05
6.734095084410471e-05
6.734095084410471e-05
6.72340607018187e-05
6.712728325912255e-05
6.712728325912255e-05
6.702061845685638e-05
6.69140662358604e-05
6.68076265369747e-05
6.68076265369747e-05
6.66320964669987e-05
6.652595989711902e-05
6.641993562758438e-05
6.641993562758438e-05
6.631402359923502e-05
6.620822375291095e-05
6.620822375291095e-05
6.610253602945239e-05
6.59969603696994e-05
6.589149671449213e-05
6.589149671449213e-05
6.578614500467069e-05
6.568090518107523e-05
6.557577718454585e-05
6.550735452791617e-05
6.540241611902771e-05
6.529758937460006e-05
6.529758937460006e-05
6.51928742354733e-05
6.50882706424876e-05
6.498377853648308e-05
6.498377853648308e-05
6.487939785829984e-05
6.477512854877803e-05
6.477512854877803e-05
6.467097054875771e-05
6.456692379907911e-05
6.446298824058226e-05
6.439534133862399e-05
6.429159428935335e-05
6.418795826865921e-05
6.408443321738168e-05
6.408443321738168e-05
6.398101907636093e-05
6.387771578643701e-05
6.387771578643701e-05
6.377452328845012e-05
6.36714415232403e-05
6.356847043164775e-05
6.356847043164775e-05
6.346560995451252e-05
6.336286003267479e-05
6.319342197162213e-05
6.319342197162213e-05
6.309096987328812e-05
6.298862810848638e-05
6.298862810848638e-05
6.288639661805713e-05
6.278427534284043e-05
6.268226422367642e-05
6.268226422367642e-05
6.25803632014052e-05
6.247857221686694e-05
6.247857221686694e-05
6.237689121090172e-05
6.227532012434967e-05
6.210782672936031e-05
6.210782672936031e-05
6.200655175201298e-05
6.190538647231364e-05
6.180433083110248e-05
6.180433083110248e-05
6.170338476921955e-05
6.160254822750502e-05
6.160254822750502e-05
6.150182114679897e-05
6.140120346794158e-05
6.130069513177293e-05
6.130069513177293e-05
6.120029607913317e-05
6.103473612609412e-05
6.093463146836007e-05
6.093463146836007e-05
6.0834635872389696e-05
6.073474927902316e-05
6.073474927902316e-05
6.063497162910061e-05
6.053530286346212e-05
6.043574292294783e-05
6.043574292294783e-05
6.03362917483979e-05
6.02369492806524e-05
6.0137715460551505e-05
6.0137715460551505e-05
5.997407772534979e-05
5.987513658585557e-05
5.987513658585557e-05
5.977630387224076e-05
5.967757952534546e-05
5.9578963486009825e-05
5.9578963486009825e-05
5.9480455695074e-05
5.938205609337806e-05
5.938205609337806e-05
5.928376462176214e-05
5.918558122106637e-05
5.90875058321309e-05
5.90875058321309e-05
5.892577909065358e-05
5.882799466802578e-05
5.873031803539305e-05
5.873031803539305e-05
5.86327491335956e-05