0.006447953808873088
0.006434740767466954
0.006434740767466954
0.0064273301420981095
0.0064199251749052656
0.006412525863742547
0.006412525863742547
0.006405132206464079
0.006397744200923986
0.006390361844976405
0.006390361844976405
0.006382985136475455
0.006375614073275265
0.006375614073275265
0.0063682486532299605
0.006355144718404619
0.00634779534840129
0.00634779534840129
0.006340451613133712
0.006333113510456008
0.006333113510456008
0.006325781038222311
0.0063184541942867475
0.006311132976503441
0.006311132976503441
0.0063038173827265195
0.006296507410810116
0.006289203058608351
0.006289203058608351
0.006276207778021068
0.00626891940916701
0.00626891940916701
0.006261636651608458
0.006254359503199539
0.006247087961794377
0.006247087961794377
0.006239822025247097
0.0062325616914118325
0.006225306958142708
0.006225306958142708
0.006218057823293852
0.006210814284719386
0.006210814284719386
0.006197927206027426
0.0061906995841064065
0.0061834775500406464
0.0061834775500406464
0.0061762611016842675
0.006169050236891404
0.006161844953516176
0.006161844953516176
0.006154645249412717
0.006147451122435148
0.006147451122435148
0.006140262570437601
0.006133079591274204
0.0061259021827990805
0.006120300262134828
0.006113133132930608
0.0061059715681414
0.0061059715681414
0.006098815565621331
0.006091665123224527
0.006084520238805116
0.006084520238805116
0.006077380910217221
0.0060702471353149745
0.0060631189119525015
0.0060631189119525015
0.00605599623798393
0.006048879111263382
0.0060433242060544
0.006036217315350747
0.006029115965621858
0.00602202015472186
0.00602202015472186
0.006014929880504877
0.006007845140825042
0.006000765933536479
0.006000765933536479
0.005993692256493316
0.005986624107549677
0.005986624107549677
0.0059795614845596975
0.005972504385377497
0.005959949391077957
0.005959949391077957
0.005952908002193144
0.005945872128696979
0.005945872128696979
0.005938841768443587
0.00593181691928709
0.005924797579081619
0.005924797579081619
0.0059177837456813025
0.005910775416940268
0.00590377259071264
0.00590377259071264
0.005896775264852545
0.005884326619823364
0.005884326619823364
0.005877344937566398
0.005870368747257829
0.005863398046751782
0.005863398046751782
0.005856432833902391
0.0058494731065637795
0.005842518862590074
0.005842518862590074
0.005835570099835397
0.0058286268161538875
0.0058286268161538875
0.005821689009399666
0.005809346261298107
0.005802424031452744
0.005802424031452744
0.005795507270115535
0.005788595975140604
0.005781690144382079
0.005781690144382079
0.005774789775694084
0.005767894866930751
0.005767894866930751
0.005761005415946205
0.005754121420594575
0.005747242878729982
0.005747242878729982
0.0057350055752133115
0.005728142543563321
0.005728142543563321
0.005721284956981235
0.005714432813321176
0.005707586110437281
0.005707586110437281
0.0057007448461836715
0.005693909018414475
0.005687078624983816
0.005687078624983816
0.005680253663745828
0.005673434132554635
0.005673434132554635
0.005661301821280116
0.005654497733609254
0.005647699067566053
0.005647699067566053
0.005640905821004639
0.0056341179917791355
0.005627335577743668
0.005627335577743668
0.00562055857675237
0.005613786986659368
0.005613786986659368
0.005607020805318785
0.005600260030584747
0.005593504660311389
0.005588232259209644
0.005581486861301682
0.0055747468615811304
0.005568012257902113
0.005568012257902113
0.005561283048118766
0.005554559230085212
0.005554559230085212
0.005547840801655575
0.005541127760683986
0.005534420105024572
0.005534420105024572
0.005527717832531462
0.005521020941058777
0.005515794148713035
0.005509107186351728
0.00550242559873759
0.0054957493837247415
0.0054957493837247415
0.005489078539167314
0.005482413062919428
0.005475752952835217
0.005475752952835217
0.005469098206768807
0.005462448822574327
0.005462448822574327
0.005455804798105898
0.005449166131217654
0.0054373559684705326
0.0054373559684705326
0.005430732538746569
0.005424114458183647
0.005417501724635898
0.005417501724635898
0.005410894335957451
0.005404292290002432
0.005404292290002432
0.0053976955846249605
0.005391104217679175
0.005384518187019197
0.005384518187019197
0.005377937490499156
0.005366230467369222
0.005366230467369222
0.0053596649413191946
0.0053531047409899665
0.005346549864235665
0.005346549864235665
0.005340000308910413
0.005333456072868344
0.005326917153963581
0.005326917153963581
0.005320383550050253
0.005313855258982485
0.005313855258982485
0.005307332278614408
0.005295727942758928
0.005289220066166605
0.005289220066166605
0.005282717491854828
0.005276220217677735
0.005269728241489447
0.005269728241489447
0.005263241561144093
0.0052567601744957955
0.0052567601744957955
0.00525028407939869
0.005243813273706898
0.005237347755274549
0.005237347755274549
0.005225845654350784
0.005219395172999925
0.005212949970489369
0.005212949970489369
0.005206510044673248
0.005200075393405681
0.005200075393405681
0.005193646014540805
0.005187221905932742
0.005180803065435619
0.005180803065435619
0.005174389490903567
0.005167981180190706
0.005167981180190706
0.005156580861855924
0.005150187521530292
0.005143799436604717
0.005143799436604717
0.005137416604933326
0.005131039024370251
0.005124666692769615
0.005124666692769615
0.005118299607985547
0.00511193776787217
0.00511193776787217
0.005105581170283618
0.005099229813074015
0.005092883694097489
0.005087930824985477
0.005081594371468832
0.005075263149912002
0.0050689371581691105
0.0050689371581691105
0.0050626163940942865
0.005056300855541653
0.005056300855541653
0.005049990540365342
0.005043685446419478
0.005037385571558191
0.005037385571558191
0.005031090913635601
0.005024801470505846
0.0050198928034505715
0.005013612982526684
0.005007338370122361
0.005001068964091728
0.005001068964091728
0.004994804762288917
0.004988545762568053
0.004982291962783262
0.004982291962783262
0.00497604336078867
0.004969799954438411
0.004969799954438411
0.004963561741586605
0.0049573287200873825
0.004946240614414972
0.004946240614414972
0.0049400223569469204
0.004933809282412313
0.004927601388665279
0.004927601388665279
0.004921398673559943
0.004915201134950436
0.004915201134950436
0.004909008770690885
0.004902821578635414
0.00489663955663815
0.00489663955663815
0.004890462702553224
0.004879474526844836
0.004873312370096817
0.004873312370096817
0.004867155372841994
0.0048610035329345
0.0048610035329345
0.00485485684822846
0.004848715316577999
0.0048425789358372455
0.0048425789358372455
0.0048364477038603275
0.004830321618501373
0.004830321618501373
0.004824200677614509
0.004813311979527399
0.004807205669283176
0.004807205669283176
0.004801104495091907
0.004795008454807716
0.0047889175462847286
0.0047889175462847286
0.004782831767377079
0.0047767511159388905
0.0047767511159388905
0.0047706755898242895
0.004764605186887402
0.00475853990498236
0.00475853990498236
0.0047477502321738
0.004741699514217137
0.0047356539088731775
0.0047356539088731775
0.004729613413996052
0.004723578027439889
0.004723578027439889
0.004717547747058811
0.004711522570706947
0.004705502496238426
0.004705502496238426
0.004699487521507373
0.004693477644367919
0.004687472862674184
0.0046827865444951655
0.004676791164609825
0.004670800873896944
0.004670800873896944
0.00466481567021065
0.004658835551405066
0.004652860515334324
0.004652860515334324
0.004646890559852551
0.004640925682813874
0.004640925682813874
0.004634965882072415
0.004629011155482309
0.0046230615008976805
0.004618418176202632
0.004612477880172378
0.004606542649874333
0.00460061248316263
0.00460061248316263
0.004594687377891395
0.004588767331914753
0.004588767331914753
0.00458285234308683
0.004576942409261758
0.0045710375282936614
0.0045710375282936614
0.004565137698036669
0.0045592429163449025
0.004548756920615921
0.004548756920615921
0.004542876496516481
0.004537001112563135
0.004537001112563135
0.004531130766610006
0.004525265456511225
0.0045194051801209206
0.0045194051801209206
0.004513549935293218
0.004507699719882241
0.004507699719882241
0.004501854531742124
0.0044960143687269895
0.0044856255456515925
0.0044856255456515925
0.004479799673534515
0.004473978818123287
0.004468162977272032
0.004468162977272032
0.004462352148834878
0.00445654633066595
0.00445654633066595
0.004450745520619379
0.00444494971654929
0.0044391589163098105
0.0044391589163098105
0.004433373117755065
0.004423081014990517
0.004417309440639571
0.004417309440639571
0.004411542859554224
0.004405781269588602
0.004405781269588602
0.004400024668596837
0.0043942730544330524
0.004388526424951377
0.004388526424951377
0.0043827847780059355
0.004377048111450858
0.004371316423140271
0.004371316423140271
0.0043611205883438324
0.004355403057542779
0.004355403057542779
0.004349690496567075
0.004343982903270854
0.004338280275508239
0.004338280275508239
0.00433258261113336
0.00432688990800034
0.00432688990800034
0.004321202163963312
0.004315519376876401
0.004309841544593732
0.004309841544593732
0.0042997415254226665
0.0042940777839552665
0.0042884189888729735
0.0042884189888729735
0.004282765138029915
0.004277116229280213
0.004277116229280213
0.004271472260478002
0.004265833229477405
0.004260199134132552
0.004260199134132552
0.004254569972297566
0.004248945741826578
0.004243326440573715
0.004238941085938154
0.0042333308795881736
0.004227725596183048
0.004227725596183048
0.004222125233576914
0.004216529789623892
0.004210939262178113
0.004210939262178113
0.004205353649093699
0.0041997729482247835
0.00419419715742549
0.00419419715742549
0.004188626274549949
0.004183060297452281
0.004178716529601425
0.004173159604152624
0.004167607578208436
0.0041620604496229886
0.0041620604496229886
0.004156518216250406
0.004150980875944821
0.004150980875944821
0.004145448426560357
0.004139920865951142
0.004134398191971301
0.004134398191971301
0.004128880402474967
0.004123367495316262
0.004113561217359757
0.004113561217359757
0.004108062194660263
0.004102568045879267
0.004102568045879267
0.00409707876887089
0.004091594361489263
0.0040861148215885065
0.0040861148215885065
0.004080640147022757
0.004075170335646136
0.004069705385312771
0.004069705385312771
0.004064245293876789
0.004054532978920696
0.004054532978920696
0.0040490867052496654
0.004043645282056883
0.004038208707196471
0.004038208707196471
0.004032776978522564
0.004027350093889285
0.004027350093889285
0.004021928051150762
0.0040165108481611195
0.004011098482774489
0.004011098482774489
0.004005690952844997
0.003996072148546579
0.003990678369687771
0.003990678369687771
0.003985289417866965
0.003979905290938287
0.003979905290938287
0.003974525986755863
0.003969151503173819
0.003963781838046286
0.003963781838046286
0.0039584169892273886
0.003953056954571256
0.003947701731932012
0.003947701731932012
0.003938175985948535
0.003932834447685715
0.003932834447685715
0.00392749771302065
0.0039221657798074626
0.003916838645900285
0.003916838645900285
0.003911516309153244
0.0039061987674204645
0.0039008860185560726
0.0039008860185560726
0.0038955780604141986
0.003890274890848971
0.003890274890848971
0.0038808417508376996
0.0038755521989546275
0.0038702674272290648
0.0038702674272290648
0.003864987433515137
0.003859712215666969
0.003859712215666969
0.0038544417715386885
0.003849176098984425
0.003843915195858305
0.003843915195858305
0.0038386590600144556
0.003833407689307
0.0038281610815900733
0.003824066702925198
0.0038188288832056417
0.0038135958202033457
0.0038135958202033457
0.0038083675117724335
0.0038031439557670403
0.0037979251500412873
0.0037979251500412873
0.003792711092449304
0.003787501780845215
0.003782297213083152
0.003782297213083152
0.0037770973870172395
0.0037719023005016047
0.0037678481019221685
0.0037626617601498854
0.0037574801516546187
0.0037523032742904925
0.0037523032742904925
0.003747131125911634
0.0037419637043721687
0.0037419637043721687
0.003736801007526229
0.003731643033227937
0.003726489779331424
0.003726489779331424
0.003721341243690812
0.0037161974241602335
0.0037070480894984955
0.0037070480894984955
0.003701917681294021
0.0036967919807804387
0.0036967919807804387
0.00369167098581188
0.0036865546942424694
0.003681443103926335
0.003681443103926335
0.0036763362127176
0.0036712340184703995
0.003666136519038855
0.003666136519038855
0.003661043712277096
0.0036519851309625992
0.0036519851309625992
0.0036469056688326804
0.003641830890953409
0.003636760795178913
0.003636760795178913
0.0036316953793633163
0.003626634641360751
0.003621578579025341
0.003621578579025341
0.0036165271902112153
0.003611480472772499
0.003611480472772499
0.003606438424563322
0.0035974701442533326
0.003592441373981732
0.003592441373981732
0.0035874172645205325
0.0035823978137238615
0.0035823978137238615
0.003577383019445844
0.0035723728795406104
0.0035673673918622853
0.0035673673918622853
0.0035623665542649985
0.0035573703646028746
0.0035523788207300435
0.0035523788207300435
0.003543500389081824
0.003538522056452306
0.003538522056452306
0.0035335483611929406
0.0035285793011578578
0.0035236148742011824
0.0035236148742011824
0.0035186550781770446
0.003513699910939567
0.0035087493703428833
0.0035087493703428833
0.0035038034542411146
0.003498862160488391
0.003498862160488391
0.0034900731251592066
0.003485144975955533
0.0034802214406817657
0.0034802214406817657
0.003475302517192035
0.0034703882033404643
0.003465478496981185
0.003465478496981185
0.0034605733959683204
0.0034556728981560004
0.0034556728981560004
0.0034507770013983505
0.0034458857035494987
0.0034409990024635716
0.003437185612196611
0.0034323073922025455
0.00342743376269814
0.00342743376269814
0.0034225647215375236
0.0034177002665748218
0.003412840395664163
0.003412840395664163
0.0034079851066596725
0.003403134397415481
0.0033982882657857126
0.0033982882657857126
0.003393446709624497
0.0033886097267859577
0.0033848351099051706
0.0033800065649044757
0.0033751825869531953
0.0033703631739054564
0.0033703631739054564
0.003365548323615386
0.003360738033937112
0.00335593230272476
0.00335593230272476
0.0033511311278324593
0.0033463345071143356
0.0033463345071143356
0.0033415424384245166
0.0033367549196171298
0.003328239753772456
0.003328239753772456
0.003323465173158063
0.0033186951340069652
0.0033186951340069652
0.0033139296341732887
0.003309168671511162
0.003304412243874711
0.003304412243874711
0.0032996603491180655
0.0032949129850953487
0.003290170149660691
0.003290170149660691
0.0032854318406682183
0.0032770042185176172
0.0032770042185176172
0.0032722787810238745
0.0032675578615531807
0.0032628414579596613
0.0032628414579596613
0.0032581295680974465
0.003253422189820659
0.0032487193209834297
0.0032487193209834297
0.0032440209594398845
0.0032393271030441515
0.0032393271030441515
0.0032346377496503555
0.0032262972188510904
0.003221620670261761
0.003221620670261761
0.0032169486162552355
0.0032122810546856362
0.0032076179834070956
0.0032076179834070956
0.0032029594002737347
0.0031983053031396868
0.0031983053031396868
0.0031936556898590754
0.0031890105582860293
0.003184369906274674
0.003184369906274674
0.0031761160144840083
0.0031714881005828564
0.0031714881005828564
0.00316686465782426
0.0031622456840623456
0.003157631177151241
0.003157631177151241
0.0031530211349450714
0.0031484155552979664
0.003143814436064052
0.003143814436064052
0.003139217775097457
0.0031346255702523053
0.0031346255702523053
0.003126457865127502
0.003121878331698291
0.0031173032459713883
0.0031173032459713883
0.0031127326058009194
0.0031081664090410153
0.0031036046535457993
0.0031036046535457993
0.0030990473371694015
0.0030944944577659464
0.0030944944577659464
0.003089946013189565
0.0030854020012943796
0.0030808624199345227
0.0030773200304927044
0.003072788623319196
0.0030682616404077503
0.003063739079612492
0.003063739079612492
0.0030592209387875495
0.003054707215787051
0.003054707215787051
0.003050197908465123
0.0030456930146758915
0.003041192532273486
0.003041192532273486
0.0030366964591120316
0.0030322047930456566
0.0030286997702907463
0.003024216235156704
0.003019737100844478
0.0030152623652081926
0.0030152623652081926
0.0030107920261019773
0.003006326081379957
0.003001864528896262
0.003001864528896262
0.0029974073665050187
0.0029929545920603516
0.0029929545920603516
0.0029885062034163907
0.0029840621984272625
0.0029761584269219475
0.0029761584269219475
0.0029717268869927033
0.0029672997222991546
0.002962876930695428
0.002962876930695428
0.0029584585100356515
0.002954044458173952
0.002954044458173952
0.0029496347729644577
0.0029452294522612937
0.002940828493918589
0.002940828493918589
0.0029364318957904693
0.0029286124583260565
0.0029286124583260565
0.002924228258563558
0.0029198484105965082
0.002915472912279034
0.002915472912279034
0.0029111017614652647
0.002906734956009323
0.002902372493765342
0.002902372493765342
0.002898014372587443
0.0028936605903297583
0.0028936605903297583
0.002889311144846411
0.0028815755890801635
0.002877238475268173
0.002877238475268173
0.002872905689811387
0.002868577230563928
0.002864253095379927
0.002864253095379927
0.0028599332821135086
0.0028556177886188026
0.0028556177886188026
0.002851306612749933
0.00284699975236103
0.002842697205306219
0.002842697205306219
0.0028350450788953998
0.0028307547968176826
0.002826468819654921
0.002826468819654921
0.0028221871452612404
0.0028179097714907723
0.0028179097714907723
0.002813636696197639
0.0028093679172359718
0.0028051034324598945
0.0028051034324598945
0.002800843239723537
0.002796587336881024
0.002796587336881024
0.0027890181874828984
0.0027847744829232165
0.0027805350598382426
0.0027805350598382426
0.0027762999160821054
0.002772069049508931
0.0027678424579728467
0.0027678424579728467
0.002763620139327981
0.0027594020914284588
0.0027594020914284588
0.0027551883121284104
0.00275097879928196
0.0027467735507432367
0.00274349217455379
0.0027392947932959057
0.0027351016700724842
0.002730912802737651
0.002730912802737651
0.002726728189145536
0.0027225478271502633
0.0027225478271502633
0.0027183717146059628
0.002714199849366759
0.002710032229286781
0.002710032229286781
0.0027058688522201566
0.0027017097160210116
0.0026984642998192057
0.002694312987646883
0.002690165910068777
0.0026860230649390117
0.0026860230649390117
0.0026818844501117177
0.00267775006344102
0.002673619902781047
0.002673619902781047
0.002669493965985925
0.0026653722509097826
0.0026653722509097826
0.002661254755406746
0.0026571414773309426
0.002649826325687281
0.002649826325687281
0.0026457250395382523
0.002641627962397318
0.002637535092118609
0.002637535092118609
0.002633446426556249
0.0026293619635643674
0.0026293619635643674
0.0026252817009970904
0.002621205636708546
0.0026171337685528596
0.0026171337685528596
0.002613066094384161
0.0026058320671282303
0.0026017763181920427
0.0026017763181920427
0.002597724754823703
0.002593677374877341
0.002593677374877341
0.002589634176207082
0.002585595156667055
0.002581560314111385
0.002581560314111385
0.0025775296463942015
0.00257350315136963
0.00257350315136963
0.0025694808268917992
0.0025623274716808633
0.0025583170057412795
0.0025583170057412795
0.0025543107019292974
0.002550308558099046
0.002546310572104651
0.002546310572104651
0.0025423167418002412
0.002538327065039942
0.002538327065039942
0.0025343415396778825
0.0025303601635681887
0.0025263829345649894
0.0025263829345649894
0.0025193097990563107
0.0025153443618970944
0.002511383063425233
0.002511383063425233
0.002507425901494855
0.002503472873960087
0.002503472873960087
0.002499523978675058
0.0024955792134938926
0.002491638576270721
0.002491638576270721
0.002487702064859667
0.0024837696771148614
0.0024798414108904284
0.0024767763089657054
0.002472855646370619
0.002468939099022641
0.002468939099022641
0.0024650266647759005
0.002461118341484523
0.0024572141270026377
0.0024572141270026377
0.0024533140191843696
0.002449418015883848
0.002449418015883848
0.0024455261149551977
0.0024416383142525488
0.002437754611630027
0.002434724261120179
0.002430848118872985
0.002426976068432655
0.002423108107653314
0.002423108107653314
0.002419244234389091
0.0024153844464941117
0.0024153844464941117
0.002411528741822504
0.0024076771182283945
0.0024038295735659128
0.0024038295735659128
0.0023999861056891825
0.002396146712452334
0.0023893190391153256
0.0023893190391153256
0.0023854912313664048
0.002381667489838227
0.002381667489838227
0.0023778478123849204
0.0023740321968606106
0.0023702206411194264
0.0023702206411194264
0.0023664131430154935
0.0023626097004029413
0.0023626097004029413
0.002358810311135895
0.002355014973068483
0.00234826566680877
0.00234826566680877
0.002344481847535023
0.002340702071041771
0.0023369263351831443
0.0023369263351831443
0.0023331546378132675
0.0023293869767862696
0.0023293869767862696
0.002325623349956277
0.002321863755177417
0.002318108190303817
0.002318108190303817
0.002314356653189605
0.0023076852616644526
0.002303945176649641
0.002303945176649641
0.0023002091109750786
0.002296477062494894
0.002296477062494894
0.0022927490290632134
0.0022890250085341656
0.002285304998761875
0.002285304998761875
0.002281588997600472
0.002277877002904081
0.0022741690125268315
0.0022741690125268315
0.0022675750833935026
0.0022638784784213906
0.0022638784784213906
0.002260185869349281
0.002256497254031302
0.002252812630321581
0.002252812630321581
0.0022491319960742454
0.0022454553491434207
0.0022454553491434207
0.002241782687383237
0.002238114008647819
0.002234449310791295
0.002234449310791295
0.0022279323917070537
0.0022242790125614038
0.0022206296058755095
0.0022206296058755095
0.0022169841695035