1.281663895600959426e+06
1.277102075840905774e+06
1.272551617542644031e+06
1.268012708757472690e+06
1.263485502571080578e+06
1.258970120106267743e+06
1.254465271476889262e+06
1.249971180228777463e+06
1.245489129482129123e+06
1.241019141942863818e+06
1.236561222963268636e+06
1.232115363383910386e+06
1.227681542349008843e+06
1.223259730095365318e+06
1.218849890714947367e+06
1.214451984891228378e+06
1.210065972609367454e+06
1.205690324821464717e+06
1.201325671859333757e+06
1.196972823222687002e+06
1.192631751754586119e+06
1.188302433465403505e+06
1.183984847185618011e+06
1.179678974221823970e+06
1.175384798015937209e+06
1.171102303807602730e+06
1.166831478299772600e+06
1.162572309327457566e+06
1.158324785529626999e+06
1.154088896024266724e+06
1.149864630086550955e+06
1.145651976830148837e+06
1.141450924891636940e+06
1.137262909428461455e+06
1.133088104125835700e+06
1.128924841752395034e+06
1.124773107210478047e+06
1.120632884497781983e+06
1.116504156775229145e+06
1.112386906434217002e+06
1.108281115163252689e+06
1.104186764013974695e+06
1.100103833466559183e+06
1.096032303494530730e+06
1.091972153628950007e+06
1.087923363022011472e+06
1.083885910510033136e+06
1.079859774675848195e+06
1.075844933910601074e+06
1.071841366474941606e+06
1.067849050559638999e+06
1.063867964345593471e+06
1.059898086063269526e+06
1.055939394051529467e+06
1.051991781070107594e+06
1.048054901473472361e+06
1.044129147426511627e+06
1.040214498092335300e+06
1.036310932843836257e+06
1.032418431251367321e+06
1.028536973070525681e+06
1.024666538230058737e+06
1.020807106819866924e+06
1.016958659079130739e+06
1.013121175384539645e+06
1.009294636238632957e+06
1.005479022258252720e+06
1.001674314163104747e+06
9.978804927644256968e+05
9.940975389537618030e+05
9.903254336918545887e+05
9.865641579976314679e+05
9.828136929373095045e+05
9.790740196136015002e+05
9.753451191550253425e+05
9.716269727053283714e+05
9.679195614130087197e+05
9.642228664209450362e+05
9.605368688561328454e+05
9.568615498195223045e+05
9.531968903759599198e+05
9.495426628037316259e+05
9.458990561022511683e+05
9.422660532562865410e+05
9.386436351409326307e+05
9.350317825898779556e+05
9.314304763981360011e+05
9.278396973247390706e+05
9.242594260954223573e+05
9.206896434052707627e+05
9.171303299213526770e+05
9.135814662853212794e+05
9.100430331159960479e+05
9.065150110119206365e+05
9.029973805538961897e+05
8.994901223074907903e+05
8.959932168255237630e+05
8.925066446505311178e+05
8.890303863172032870e+05
8.855644223548017908e+05
8.821087332895507570e+05
8.786632996470080689e+05
8.752281019544106675e+05
8.718031207430002978e+05
8.683883365503228270e+05
8.649837299225052120e+05
8.615892814165165182e+05
8.582049716023915680e+05
8.548307810654510977e+05
8.514666904084831476e+05
8.481126802539117634e+05
8.447688669991209172e+05
8.414355681524071842e+05
8.381122877857014537e+05
8.347990066297699232e+05
8.314957054384595249e+05
8.282023649881960591e+05
8.249189660774921067e+05
8.216454895264544757e+05
8.183819161762999138e+05
8.151282268888750114e+05
8.118844025461800629e+05
8.086504240498960717e+05
8.054262723209219985e+05
8.022119282989094499e+05
7.990073729418080766e+05
7.958125872254120186e+05
7.926275521429127548e+05
7.894522487044550944e+05
7.862866579366985243e+05
7.831307608823858900e+05
7.799845385999106802e+05
7.768479721628910629e+05
7.737210426597561454e+05
7.706037311933226883e+05
7.674960188803875353e+05
7.643978868513202760e+05
7.613093162496611476e+05
7.582302882317204494e+05
7.551607839661873877e+05
7.521007846337424126e+05
7.490502714266667608e+05
7.460092255484687630e+05
7.429776282135020010e+05
7.399554606465976685e+05
7.369427040826927405e+05
7.339393328855626751e+05
7.309453051183216739e+05
7.279606323697782354e+05
7.249852959120278247e+05
7.220192770268878667e+05
7.190625570060671307e+05
7.161151171513253357e+05
7.131769387746388093e+05
7.102480031983597437e+05
7.073282917553769657e+05
7.044177857892757747e+05
7.015164666544935899e+05
6.986243157164778095e+05
6.957413143518397119e+05
6.928674439485105686e+05
6.900026859058905393e+05
6.871470216350061819e+05
6.843004325586535269e+05
6.814629001115532592e+05
6.786344057404968189e+05
6.758149309044908732e+05
6.730044570749062113e+05
6.702029657356203534e+05
6.674104383831609739e+05
6.646268565268500242e+05
6.618522016889402876e+05
6.590864554047600832e+05
6.563295992228485411e+05
6.535816147050947184e+05
6.508424834268725244e+05
6.481121869771779748e+05
6.453907069587615551e+05
6.426780249882622156e+05
6.399741226963368244e+05
6.372789817277952097e+05
6.345925837417256553e+05
6.319149104116251692e+05
6.292459434255271917e+05
6.265856644861261593e+05
6.239338089756186819e+05
6.212899700703632552e+05
6.186547706975053297e+05
6.160281925927228294e+05
6.134102175067075295e+05
6.108008272051773965e+05
6.082000034688840387e+05
6.056077280936245807e+05
6.030239828902517911e+05
6.004487496846826980e+05
5.978820103179098805e+05
5.953237466460121796e+05
5.927739405401647091e+05
5.902325738866500324e+05
5.876996285868691048e+05
5.851750865573517513e+05
5.826589297297683079e+05
5.801511400509402156e+05
5.776516994828516617e+05
5.751605900026622694e+05
5.726777936027166434e+05
5.702032922905567102e+05
5.677370680889352225e+05
5.652791030358251883e+05
5.628293791844339576e+05
5.603878786032141652e+05
5.579545833758768858e+05
5.555294756014030427e+05
5.531125373940574937e+05
5.507037508833999746e+05
5.483030982142991852e+05
5.459105615469457116e+05
5.435261230568628525e+05
5.411497649349230342e+05
5.387814693873589858e+05
5.364212186357767787e+05
5.340689949171707267e+05
5.317247804839357268e+05
5.293885576038811123e+05
5.270603085602456704e+05
5.247400156517091673e+05
5.224276611924079480e+05
5.201232275119494880e+05
5.178272041134253959e+05
5.155391042765838210e+05
5.132588682272448204e+05
5.109864783754610689e+05
5.087219171468829154e+05
5.064651669827987207e+05
5.042162103401755448e+05
5.019750296916997759e+05
4.997416075258172350e+05
4.975159263467741548e+05
4.952979686746564694e+05
4.930877170454293955e+05
4.908851540109772468e+05
4.886902621391430730e+05
4.865030240137672517e+05
4.843234222347273608e+05
4.821514394179761875e+05
4.799870581955796806e+05
4.778302612157570547e+05
4.756810311429178109e+05
4.735393506576993968e+05
4.714052024570065551e+05
4.692785692540462478e+05
4.671594337783684605e+05
4.650477787759009516e+05
4.629435870089874370e+05
4.608468412564224564e+05
4.587575243134913035e+05
4.566756189920039615e+05
4.546011081203322974e+05
4.525339745434450451e+05
4.504742011229457567e+05
4.484217707371067954e+05
4.463766662809054833e+05
4.443388706660583266e+05
4.423083668210585602e+05
4.402851376912085689e+05
4.382691662386558601e+05
4.362604354424279882e+05
4.342589282984649763e+05
4.322646278196565108e+05
4.302775170358734322e+05
4.282975789940027753e+05
4.263247967579811811e+05
4.243591534088274930e+05
4.224007298738028039e+05
4.204494822603868088e+05
4.185053215603487333e+05
4.165682309296703897e+05
4.146381935415417538e+05
4.127151925863868091e+05
4.107992112718870630e+05
4.088902328230055282e+05
4.069882404820126249e+05
4.050932175085087074e+05
4.032051471794482204e+05
4.013240127891650191e+05
3.994497976493939641e+05
3.975824850892976392e+05
3.957220584554871311e+05
3.938685011120478157e+05
3.920217964405614766e+05
3.901819278401314514e+05
3.883488787274036440e+05
3.865226325365916127e+05
3.847031727194993291e+05
3.828904827455438208e+05
3.810845461017785710e+05
3.792853462929169182e+05
3.774928668413530686e+05
3.757070912871878245e+05
3.739280031882482581e+05
3.721555861201119842e+05
3.703898236761295702e+05
3.686306994674458401e+05
3.668781971230239142e+05
3.651323002896656981e+05
3.633929926320355153e+05
3.616602578326810617e+05
3.599340795920558739e+05
3.582144416285412153e+05
3.565013276784679620e+05
3.547947214961376740e+05
3.530946068538454128e+05
3.514009675418999977e+05
3.497137873686460080e+05
3.480330501604858437e+05
3.463587397619000403e+05
3.446908400354685145e+05
3.430293348618922755e+05
3.413742081400140887e+05
3.397254437868393725e+05
3.380830257375573274e+05
3.364468921612730483e+05
3.348170579520961037e+05
3.331935224604888353e+05
3.315762696920117596e+05
3.299652836705220398e+05
3.283605484381967690e+05
3.267620480555553222e+05
3.251697666014793213e+05
3.235836881732358597e+05
3.220037968864977011e+05
3.204300768753652228e+05
3.188625122923875460e+05
3.173010873085841886e+05
3.157457861134651466e+05
3.141965929150525481e+05
3.126534919399013743e+05
3.111164674331201240e+05
3.095855036583913025e+05
3.080605848979923758e+05
3.065416954528157366e+05
3.050288196423895424e+05
3.035219418048973312e+05
3.020210462971985689e+05
3.005261174948489643e+05
2.990371397921195021e+05
2.975540976020166418e+05
2.960769753563032718e+05
2.946057575055159396e+05
2.931404285189866787e+05
2.916063884916477255e+05
2.900039612067553098e+05
2.884078282464180375e+05
2.868179736405046424e+05
2.852343814377749804e+05
2.836570357058976078e+05
2.820859205314707360e+05
2.805210200200378895e+05
2.789623182961100247e+05
2.774097995031813043e+05
2.758634478037488298e+05
2.743232473793308018e+05
2.727891824304845650e+05
2.712612371768245939e+05
2.697393958570411196e+05
2.682236427289176499e+05
2.667139620693481411e+05
2.652103381743567297e+05
2.637127553591126925e+05
2.622211979579499457e+05
2.607356503243845364e+05
2.592558925372980302e+05
2.577821056723895890e+05
2.563142838425450900e+05
2.548524114671852149e+05
2.533964729850172880e+05
2.519464528540481115e+05
2.505023355516001757e+05
2.490641055743256584e+05
2.476317474382198707e+05
2.462052456786370021e+05
2.447845848503028392e+05
2.433697495273302775e+05
2.419607243032323895e+05
2.405574937909370637e+05
2.391600426228005672e+05
2.377683554506211949e+05
2.363824169456543750e+05
2.350022117986247758e+05
2.336277247197406541e+05
2.322589404387081740e+05
2.308958437047434854e+05
2.295384192865872756e+05
2.281866519725184189e+05
2.268405265703658806e+05
2.255000279075234430e+05
2.241651408309618710e+05
2.228358502072432311e+05
2.215121409225327079e+05
2.201939978826119332e+05
2.188814060128928395e+05
2.175743502584292437e+05
2.162728155839300016e+05
2.149767869737727451e+05
2.136862494320147089e+05
2.124011879824070202e+05
2.111215876684064860e+05
2.098474335531874094e+05
2.085787107196555298e+05
2.073154042704587337e+05
2.060574993280006456e+05
2.048049810344516009e+05
2.035578345517617417e+05
2.023160450616726303e+05
2.010795977657288895e+05
1.998484778852909221e+05
1.986226706615462899e+05
1.974021613555212971e+05
1.961869352480930684e+05
1.949769776400009578e+05
1.937722738518582773e+05
1.925728092241635313e+05
1.913786894745034515e+05
1.901898192269803258e+05
1.890061425426243222e+05
1.878276448515233933e+05
1.866543116036794381e+05
1.854861282690172084e+05
1.843230803373957751e+05
1.831651533186182787e+05
1.820123327424423769e+05
1.808646041585900530e+05
1.797219531367579475e+05
1.785843652666276903e+05
1.774518261578758247e+05
1.763243214401828591e+05
1.752018367632443551e+05
1.740843577967802994e+05
1.729718702305442130e+05
1.718643597743343271e+05
1.707618121580013831e+05
1.696642131314599828e+05
1.685715484646964760e+05
1.674838039477797574e+05
1.664009653908698820e+05
1.653230186242279306e+05
1.642499494982248580e+05
1.631817438833507185e+05
1.621183876702244161e+05
1.610598667696021148e+05
1.600061671123865817e+05
1.589572746496361506e+05
1.579131753525739186e+05
1.568738552125959541e+05
1.558393002412808419e+05
1.548094964703981532e+05
1.537844299519167107e+05
1.527640867580141930e+05
1.517484529810843524e+05
1.507375147337471135e+05
1.497312581488558790e+05
1.487296693795059109e+05
1.477327345990436734e+05
1.467404400010737590e+05
1.457527717994685227e+05
1.447697162283750658e+05
1.437912595422236191e+05
1.428173880157361855e+05
1.418480879439337295e+05
1.408833456421445881e+05
1.399231474460122990e+05
1.389674797115029942e+05
1.380163288149135478e+05
1.370696811528792023e+05
1.361274434242591669e+05
1.351896444118982763e+05
1.342563093696919968e+05
1.333274247667386080e+05
1.324029770925275516e+05
1.314829528569428076e+05
1.305673385902679001e+05
1.296561208431890700e+05
1.287492861867996980e+05
1.278468212126044964e+05
1.269487125325224770e+05
1.260549467788921902e+05
1.251655106044750137e+05
1.242803906824587320e+05
1.233995737064621935e+05
1.225230463905384822e+05
1.216507954691790801e+05
1.207828076973181305e+05
1.199190698503354506e+05
1.190595687240610278e+05
1.182042911347780027e+05
1.173532239192275156e+05
1.165063539346115867e+05
1.156636680585972208e+05
1.148251531893201027e+05
1.139907962453879445e+05
1.131605841658847639e+05
1.123345039103739982e+05
1.115125424589024333e+05
1.106946868120035506e+05
1.098809239907012379e+05
1.090712410365137330e+05
1.082656250114563445e+05
1.074640629980456433e+05
1.066665420993027074e+05
1.058730494387566869e+05
1.050835721604480495e+05
1.042980974289324949e+05
1.035166124292834284e+05
1.027391043670964718e+05
1.019655604684921709e+05
1.011959679801191232e+05
1.004303141691580531e+05
9.966858632332409616e+04
9.891077175087117939e+04
9.815685778059445147e+04
9.740683176183348405e+04
9.666068106447602622e+04
9.591839307896075479e+04
9.517995521628028655e+04
9.444535490798472892e+04
9.371457960618421203e+04
9.298764433091817773e+04
9.226456518949441670e+04
9.154527237446316576e+04
9.082975342830750742e+04
9.011799591405363753e+04
8.940998741527157836e+04
8.870571553607629903e+04
8.800516790112757008e+04
8.730833215563138947e+04
8.661519596534030279e+04
8.592574701655410172e+04
8.523997301612097363e+04
8.455786169143731240e+04
8.387940079044927552e+04
8.320457808165310416e+04
8.253338135409585084e+04
8.186579841737593233e+04
8.120181710164417746e+04
8.054142525760430726e+04
7.988461075651380816e+04
7.923136149018415017e+04
7.858166537098228582e+04
7.793551033183050458e+04
7.729288432620780077e+04
7.665382634559505095e+04
7.601837499170363299e+04
7.538651764255197486e+04
7.475824169834713393e+04
7.413353458148534992e+04
7.351238373654993484e+04
7.289477663031108386e+04
7.228070075172536599e+04
7.167014361193445802e+04
7.106309274426451884e+04
7.045953570422533085e+04
6.985946006950957235e+04
6.926285343999178440e+04
6.866970343772796332e+04
6.807999770695419284e+04
6.749372391408612020e+04
6.691086974771815585e+04
6.633142291862233833e+04
6.575537115974778135e+04
6.518270222621935682e+04
6.461340389533744019e+04
6.404746396657633886e+04
6.348487026158368099e+04
6.292561062417981157e+04
6.236967292035611172e+04
6.181704503827473673e+04
6.126771488826737914e+04
6.072167040283430833e+04
6.017888475418934831e+04
5.963931802626490389e+04
5.910300182201593998e+04
5.856992415496955073e+04
5.804007306082951254e+04
5.751343659747063066e+04
5.699000284493229992e+04
5.646975990541358624e+04
5.595269590326686739e+04
5.543879898499243427e+04
5.492805731923291023e+04
5.442045909676747397e+04
5.391599253050673724e+04
5.341464585548707691e+04
5.291640732886508340e+04
5.242126522991258389e+04
5.192920786001116358e+04
5.144022354264686874e+04
5.095430062340525910e+04
5.047142746996581263e+04
4.999159247209735622e+04
4.951478404165279062e+04
4.904099061256388086e+04
4.857020064083675243e+04
4.810240260454645613e+04
4.763758500383249338e+04
4.717573636089395586e+04
4.671684521998443961e+04
4.626090014740781044e+04
4.580788973151286336e+04
4.535780258268924808e+04
4.491062733336255042e+04
4.446635263798968663e+04
4.402496717305449420e+04
4.358645963706324255e+04
4.315081875053982367e+04
4.271803325602192490e+04
4.228809191805595765e+04
4.186098352319324476e+04
4.143669687998550944e+04
4.101522081898026227e+04
4.059654419271698862e+04
4.018065587572257937e+04
3.976754476450754009e+04
3.935719977756134176e+04
3.894960985534846259e+04
3.854476396030450269e+04
3.814265107683160750e+04
3.774326021129492437e+04
3.734658039201828797e+04
3.695260066928016022e+04
3.656131181676097185e+04
3.617273681041830423e+04
3.578682845962554711e+04
3.540357590930261358e+04
3.502296832625885145e+04
3.464499489918291511e+04
3.426964483863164787e+04
3.389690737701924081e+04
3.352677176860714098e+04
3.315922728949318116e+04
3.279426323760194646e+04
3.243186893267412233e+04
3.207203371625654108e+04
3.171474695169278493e+04
3.135999802411263954e+04
3.100777634042329737e+04
3.065807132929920044e+04
3.031087244117297087e+04
2.996616914822606486e+04
2.962395094437955413e+04
2.928420734528512548e+04
2.894692788831628422e+04
2.861210213255918643e+04
2.827971965880424250e+04
2.794977006953740784e+04
2.762224298893173545e+04
2.729712806283907776e+04
2.697441495878134083e+04
2.665409336594305933e+04
2.633615299516271625e+04
2.602058357892509230e+04
2.570737487135320771e+04
2.539651664820082806e+04
2.508799870684452617e+04
2.478181086627622790e+04
2.447794296709570335e+04
2.417638487150329456e+04
2.387712646329263589e+04
2.358015764784327985e+04
2.328546835211362486e+04
2.299304852463425777e+04
2.270288813550051418e+04
2.241497717636601010e+04
2.212930566043595536e+04
2.184586362246004865e+04
2.156464111872632202e+04
2.128562822705454892e+04
2.100881504678981219e+04
2.073419169879616675e+04
2.046174832545030949e+04
2.019147634119413124e+04
1.992336834640959569e+04
1.965741076097896803e+04
1.939359381461993689e+04
1.913190775850078353e+04
1.887234286522582988e+04
1.861488942882073752e+04
1.835953776471802848e+04
1.810627820974274073e+04
1.785510112209838553e+04
1.760599688135342149e+04
1.735895588842741199e+04
1.711396856557772117e+04
1.687102535638626796e+04
1.663011672574671684e+04
1.639123315985155205e+04
1.615436516617955567e+04
1.591950327348357678e+04
1.568663803177826776e+04
1.545576001232806448e+04
1.522685980763541738e+04
1.499992803142936464e+04
1.477495531865399244e+04
1.455193232545730280e+04
1.433084972918014864e+04
1.411169822834541446e+04
1.389446854264746071e+04
1.367915141294151545e+04
1.346573760123331158e+04
1.325421789066934252e+04
1.304458308552642120e+04
1.283682401120232680e+04
1.263093151420599679e+04
1.242689646214806271e+04
1.222470974373174613e+04
1.202436226874361273e+04
1.182584496804464288e+04
1.162914879356158053e+04
1.143426471827812202e+04
1.124118373622665786e+04
1.104989686247973441e+04
1.086039513314213582e+04
1.067266960534267491e+04
1.048671135722641338e+04
1.030251148794701476e+04
1.012006111765907553e+04
9.939351387510731001e+03
9.760373459636391999e+03
9.583116100251438183e+03
9.407569780387764695e+03
9.233729069597551643e+03
9.061585211089537552e+03
8.891129468975706914e+03
8.722353128244310938e+03
8.555247494733275744e+03
8.389803895104258117e+03
8.226013676816923180e+03
8.063868208103882353e+03
7.903358877946241591e+03
7.744477096049394277e+03
7.587214292819207913e+03
7.431561919338864755e+03
7.277511447346170826e+03
7.125054369211175072e+03
6.974182197914316021e+03
6.824886467024944068e+03
6.677158730680354893e+03
6.530990563565319462e+03
6.386373560891861416e+03
6.243299338379592882e+03
6.101759532236522318e+03
5.961745799139996961e+03
5.823249816218474734e+03
5.686263281033376188e+03
5.550777911561523069e+03
5.416785446177880658e+03
5.284277643638701193e+03
5.153246283065278476e+03
5.023683163927657915e+03
4.895580106029252420e+03
4.768928949491280946e+03
4.643721554738116538e+03
4.519949802482695304e+03
4.397605593712326481e+03
4.276680849675114587e+03
4.157167511866327004e+03
4.039057542015412309e+03
3.922342922073324189e+03
3.807015654200282370e+03
3.693067760753542643e+03
3.580491284275957696e+03
3.469278287484667089e+03
3.359420853259868636e+03
3.250910660771538460e+03
3.143735330342779889e+03
3.037892280144169035e+03
2.933373667163640221e+03
2.830171668494803271e+03
2.728278481311803262e+03
2.627686322844471761e+03
2.528387430354287062e+03
2.430374061110720049e+03
2.333638492368306743e+03
2.238173021344417066e+03
2.143969965197355577e+03
2.051021661005224814e+03
1.959320465745220645e+03
1.868858756273677955e+03
1.779628929306540158e+03
1.691623401400329385e+03
1.604834608933885875e+03
1.519255008090357023e+03
1.434877074839950865e+03
1.351693304923096548e+03
1.269696213834356513e+03
1.188878336806455081e+03
1.109232228795159699e+03
1.030750464464603056e+03
9.534256381728819179e+02
8.772503639585518158e+02
8.022172755273085158e+02
7.283190262391728993e+02
6.555482890964738090e+02
5.838977567316985642e+02
5.133601413965802749e+02
4.439281749509308383e+02
3.755946088524804054e+02
3.083522141468353652e+02
2.421937814579380017e+02
1.771121209792398190e+02
1.131000624649235533e+02
5.015045522188498239e+01
-1.174383189818946072e+01
-7.258991050594619310e+01
-1.323948726813989651e+02
-1.911657909802319466e+02
-2.489101611975015942e+02
-3.056349862061712201e+02
-3.613471416394525590e+02
-4.160536149419471599e+02
-4.697613744138965899e+02
-5.224773693059333937e+02
-5.742085299120901709e+02
-6.249617676604400458e+02
-6.747439752016571219e+02
-7.235620264955631455e+02
-7.714227768955258853e+02
-8.183330632307720407e+02
-8.642997038867447372e+02
-9.093294988833079060e+02
-9.534292299511851070e+02
-9.966056606060244576e+02
-1.038865536220881495e+03
-1.080215584096576549e+03
-1.120662513529987109e+03
-1.160213015880656940e+03
-1.198873764635384987e+03
-1.236651415470897064e+03
-1.273552606314697186e+03
-1.309583957404176545e+03
-1.344752071343537409e+03
-1.379063533159423059e+03
-1.412524910354166877e+03
-1.445142752957862058e+03
-1.476923593578023201e+03
-1.507873947448137869e+03
-1.538000312474022849e+03
-1.567309169278575609e+03
-1.595806981244976214e+03
-1.623500194558027488e+03
-1.650395238244056145e+03
-1.676498524208757317e+03
-1.701816447273873109e+03
-1.726355385211939847e+03
-1.750121698779617418e+03
-1.773121868237768922e+03
-1.795362119105916918e+03
-1.816848730278088169e+03
-1.837587994222525140e+03
-1.857586186299332439e+03
-1.876849564716041186e+03
-1.895384370483135626e+03
-1.913196827369308266e+03
-1.930293141856870989e+03
-1.946679503096835788e+03
-1.962362082864297463e+03
-1.977347035513327683e+03
-1.991640497932205108e+03
-2.005248589498287856e+03
-2.018177412033112432e+03
-2.030433049757155914e+03
-2.042021569244939428e+03
-2.052949019379691890e+03
-2.063221431308377760e+03
-2.072844818396377377e+03
-2.081825176182417636e+03
-2.090168482333294378e+03
-2.097880696598757368e+03
-2.104967760766212450e+03
-2.111435598615664730e+03
-2.117290115874466210e+03
-2.122537200172170287e+03
-2.127182720995368982e+03
-2.131232529642662939e+03
-2.134692459179487741e+03
-2.137568324393202147e+03
-2.139865921747917128e+03
-2.141591029339651868e+03
-2.142749406851356980e+03
-2.143346795508185096e+03
-2.143386509459566696e+03
-2.142875968314463535e+03
-2.141821549309877810e+03
-2.140228925498786339e+03
-2.138103753949226757e+03
-2.135451676494370076e+03
-2.132278320465940396e+03
-2.128589299410488820e+03
-2.124390213789364680e+03
-2.119686651661806991e+03
-2.114484189351692294e+03
-2.108788392098194436e+03
-2.102604814690204876e+03
-2.095939002084718140e+03
-2.088796490009386616e+03
-2.081182805549421118e+03
-2.073103467718946376e+03
-2.064563988016790972e+03
-2.055569870967029601e+03
-2.046126614644411802e+03
-2.036239711184685802e+03
-2.025914647280111694e+03
-2.015156904660155305e+03
-2.003971960557508737e+03
-1.992365288159717693e+03
-1.980342357046366033e+03
-1.967908633612192261e+03
-1.955069581475831001e+03
-1.941830661874814723e+03
-1.928197334046794822e+03
-1.914175064389028194e+03
-1.899770185996091641e+03
-1.884987255165297483e+03
-1.869831720819734983e+03
-1.854309025729603945e+03
-1.838424604560927492e+03
-1.822183881961146426e+03
-1.805592270681525406e+03
-1.788655169735777690e+03
-1.771377962594970995e+03
-1.753766015417928884e+03
-1.735824675317538549e+03
-1.717559268661931355e+03
-1.698975099410981329e+03
-1.680077447487085919e+03
-1.660871567180785860e+03
-1.641362685590067031e+03
-1.621556001093877740e+03
-1.601456681858951697e+03
-1.581069864380142008e+03
-1.560400652053566319e+03
-1.539454113782614058e+03
-1.518235282616380800e+03
-1.496749154420344894e+03
-1.475000686578886416e+03
-1.452994796729618201e+03
-1.430736361528831594e+03
-1.408231448496796020e+03
-1.385483839367136852e+03
-1.362498044406065674e+03
-1.339278819964152717e+03
-1.315830920119607526e+03
-1.292159108338209307e+03
-1.268268168867588884e+03
-1.244162917867679425e+03
-1.219848214280037382e+03
-1.195328970437965836e+03
-1.170610162419967764e+03
-1.145696840148563751e+03
-1.120594137237076666e+03
-1.095307280586111574e+03
-1.069841599732571240e+03
-1.044202535952831795e+03
-1.018395651122953836e+03
-9.924266363374970297e+02
-9.663013202895878067e+02
-9.400256774143974781e+02
-9.136058357979841276e+02
-8.870450867874042160e+02
-8.603504841301518127e+02
-8.335312943983497007e+02
-8.065941401012313463e+02
-7.795456569913218345e+02
-7.523924450895164000e+02
-7.251410208188158322e+02
-6.977977702371233590e+02
-6.703689033593207114e+02
-6.428604095590852694e+02
-6.152780140406628107e+02
-5.876271353712661494e+02
-5.599128440642650730e+02
-5.321398222039732673e+02
-5.043123241021961576e+02
-4.764341379774386382e+02
-4.485093011094487565e+02
-4.205410594819305174e+02
-3.925306223528648388e+02
-3.644807815342201138e+02
-3.363948636167246491e+02
-3.082770911729760428e+02
-2.801329353055834872e+02
-2.519694596189120261e+02
-2.237956556925593077e+02
-1.956227701344631384e+02
-1.674646232914108168e+02
-1.393382582232567586e+02
-1.112633940528628500e+02
-8.326294772361933383e+01
-5.536405776985925797e+01
-2.759790841607023992e+01
-9.876482796277878386e-11
