-9.324566304340176284e+05
-9.288140787952099927e+05
-9.251810508454270894e+05
-9.215576335800744127e+05
-9.179438964836078230e+05
-9.143398930340476800e+05
-9.107446588432958815e+05
-9.071583351774970070e+05
-9.035818370481297607e+05
-9.000151686407898087e+05
-8.964583254546452081e+05
-8.929112957263740245e+05
-8.893740618408136070e+05
-8.858466017283522524e+05
-8.823288902491265908e+05
-8.788209005640645046e+05
-8.753226054928246886e+05
-8.718329007200198248e+05
-8.683522436114624143e+05
-8.648812194339550333e+05
-8.614198074705008185e+05
-8.579679885997106321e+05
-8.545257451218293281e+05
-8.510930605863741366e+05
-8.476699196213725954e+05
-8.442563077642046846e+05
-8.408522112940389197e+05
-8.374576170658476185e+05
-8.340725123460132163e+05
-8.306968846495046746e+05
-8.273307215786222368e+05
-8.239740106633086689e+05
-8.206267392030186020e+05
-8.172899342136222403e+05
-8.139637150815972127e+05
-8.106468792941397987e+05
-8.073394123324251268e+05
-8.040412992328575347e+05
-8.007525246210718760e+05
-7.974730727456241148e+05
-7.942029275113735348e+05
-7.909420725125577301e+05
-7.876904910655594431e+05
-7.844481662413746817e+05
-7.812150808977691922e+05
-7.779912177111392375e+05
-7.747765592080672504e+05
-7.715710877965778345e+05
-7.683747857970967889e+05
-7.651876354731055908e+05
-7.620096190615089145e+05
-7.588407188026967924e+05
-7.556809169703202788e+05
-7.525301959007623373e+05
-7.493884769411658635e+05
-7.462555117555956822e+05
-7.431315774941504933e+05
-7.400166569367297925e+05
-7.369107329767458141e+05
-7.338137886149419937e+05
-7.307258069532687077e+05
-7.276467711888176855e+05
-7.245766646078054328e+05
-7.215154705796194030e+05
-7.184631725509141106e+05
-7.154197540397653356e+05
-7.123851986298772972e+05
-7.093594899648482678e+05
-7.063426117424854310e+05
-7.033345477091770153e+05
-7.003352816543201916e+05
-6.973447974047960015e+05
-6.943630788195088971e+05
-6.913901097839691211e+05
-6.884258742049346911e+05
-6.854703560051040258e+05
-6.825235391178629361e+05
-6.795854074820801616e+05
-6.766559450369637925e+05
-6.737351357169607654e+05
-6.708229634467129363e+05
-6.679192653054274851e+05
-6.650241716637699865e+05
-6.621376678504990414e+05
-6.592597377268838463e+05
-6.563903651417077053e+05
-6.535295339326325338e+05
-6.506772279275414767e+05
-6.478334309458802454e+05
-6.449981267999779666e+05
-6.421712992963599972e+05
-6.393529322370481677e+05
-6.365430094208477531e+05
-6.337415146446244325e+05
-6.309484317045683274e+05
-6.281637443974454654e+05
-6.253874365218386520e+05
-6.226194918793762336e+05
-6.198598942759498022e+05
-6.171086275229178136e+05
-6.143656754383009393e+05
-6.116310218479628675e+05
-6.089046505867820233e+05
-6.061865454998097848e+05
-6.034766904434193857e+05
-6.007750692864398006e+05
-5.980816659112849738e+05
-5.953964642150613945e+05
-5.927194481106755557e+05
-5.900506015279225539e+05
-5.873899084145672387e+05
-5.847374467038743896e+05
-5.820934332410218194e+05
-5.794575219345655059e+05
-5.768296968232883373e+05
-5.742099419656344689e+05
-5.715982414394536754e+05
-5.689945793417496607e+05
-5.663989397884280188e+05
-5.638113069140475709e+05
-5.612316648715757765e+05
-5.586599978321441449e+05
-5.560962899848066736e+05
-5.535405255363015458e+05
-5.509926887108144583e+05
-5.484527637497445103e+05
-5.459207349114716053e+05
-5.433965864711283939e+05
-5.408803027203716338e+05
-5.383718679671562277e+05
-5.358712665355165955e+05
-5.333784827653428074e+05
-5.308935010121616069e+05
-5.284163056469248841e+05
-5.259468810557917459e+05
-5.234852116399201332e+05
-5.210312818152561085e+05
-5.185850760123279761e+05
-5.161465786760402843e+05
-5.137157742654719623e+05
-5.112926472536787624e+05
-5.088771821274902904e+05
-5.064693633873178624e+05
-5.040691755469592172e+05
-5.016766031334087602e+05
-4.992916306866647210e+05
-4.969142381008220837e+05
-4.945443942604276235e+05
-4.921821042894049315e+05
-4.898273527778061107e+05
-4.874801243284686934e+05
-4.851404035570986453e+05
-4.828081750923419604e+05
-4.804834235758640571e+05
-4.781661336624241085e+05
-4.758562900199507712e+05
-4.735538773296159343e+05
-4.712588802859083517e+05
-4.689712835967076826e+05
-4.666910719833559706e+05
-4.644182301807304611e+05
-4.621527429373140913e+05
-4.598945950152670266e+05
-4.576437711904961616e+05
-4.554002562527247937e+05
-4.531640350055626477e+05
-4.509350922665715916e+05
-4.487134128673363011e+05
-4.464989816535298014e+05
-4.442917834849794162e+05
-4.420918032357360935e+05
-4.398990257941345917e+05
-4.377134360628636787e+05
-4.355350189590259688e+05
-4.333637594142046873e+05
-4.311996423745250213e+05
-4.290426528007175075e+05
-4.268927756681796163e+05
-4.247499959670375101e+05
-4.226142987022058805e+05
-4.204856688934496487e+05
-4.183640915754431044e+05
-4.162495517978280550e+05
-4.141420346252743620e+05
-4.120415251375362277e+05
-4.099478465780724655e+05
-4.078607293966306024e+05
-4.057805803540581837e+05
-4.037073845703117549e+05
-4.016411271805954166e+05
-3.995817933353628614e+05
-3.975293682003153954e+05
-3.954838369564029272e+05
-3.934451847998237936e+05
-3.914133969420233043e+05
-3.893884586096950807e+05
-3.873703550447805901e+05
-3.853590715044689132e+05
-3.833545932611976750e+05
-3.813569056026528124e+05
-3.793659938317686319e+05
-3.773818432667284505e+05
-3.754044392409650027e+05
-3.734337671031607315e+05
-3.714698122172491858e+05
-3.695125599624138558e+05
-3.675619957330902689e+05
-3.656181049389666878e+05
-3.636808730049841106e+05
-3.617502853713375516e+05
-3.598263274934767396e+05
-3.579089848421075731e+05
-3.559982429031923530e+05
-3.540940871779512381e+05
-3.521965031828639912e+05
-3.503054764496698044e+05
-3.484209925253699766e+05
-3.465430369722275645e+05
-3.446715953677706420e+05
-3.428066533047925332e+05
-3.409481963913529180e+05
-3.390962102507806267e+05
-3.372506805216741050e+05
-3.354115928579033352e+05
-3.335789329286118736e+05
-3.317526864182180725e+05
-3.299328390264171758e+05
-3.281193764681830071e+05
-3.263126040629878989e+05
-3.245122112295320258e+05
-3.227181571407254087e+05
-3.209304275868505938e+05
-3.191490083734968794e+05
-3.173738853215757990e+05
-3.156050442673361977e+05
-3.138424710623797146e+05
-3.120861515736749861e+05
-3.103360716835737694e+05
-3.085922172898246790e+05
-3.068545743055883795e+05
-3.051231286594519624e+05
-3.033978662954436732e+05
-3.016787731730472879e+05
-2.999658352672163746e+05
-2.982590385683887289e+05
-2.965583690824996447e+05
-2.948638128309969907e+05
-2.931753558508550050e+05
-2.914929841945869848e+05
-2.898166839302607113e+05
-2.881464411415101495e+05
-2.864822419275510474e+05
-2.848240724031927530e+05
-2.831719186988526490e+05
-2.815257669605681440e+05
-2.798856033500110498e+05
-2.782514140445002122e+05
-2.766231852370141423e+05
-2.750009031362041133e+05
-2.733845539664069656e+05
-2.717741239676580299e+05
-2.701695993957031751e+05
-2.685709665220114985e+05
-2.669782116337878397e+05
-2.653913210339848883e+05
-2.638102810413156985e+05
-2.622350779902654467e+05
-2.606656982311031315e+05
-2.591021281298947870e+05
-2.575443540685138432e+05
-2.559923624446536414e+05
-2.544461396718392498e+05
-2.529056721794378245e+05
-2.513710046308432356e+05
-2.498421071816781769e+05
-2.483189233162617311e+05
-2.468014395323061035e+05
-2.452896423433997843e+05
-2.437835182790154358e+05
-2.422830538845164410e+05
-2.407882357211636554e+05
-2.392990503661230323e+05
-2.378154844124719093e+05
-2.363375244692057604e+05
-2.348651571612459375e+05
-2.333983691294451128e+05
-2.319371470305951661e+05
-2.304814775374330056e+05
-2.290313473386477563e+05
-2.275867431388869882e+05
-2.261476516587634978e+05
-2.247140596348615945e+05
-2.232859538197436195e+05
-2.218633209819564945e+05
-2.204461479060380661e+05
-2.190344213925231015e+05
-2.176281282579501276e+05
-2.162272553348668444e+05
-2.148317894718372263e+05
-2.134417175334472558e+05
-2.120570264003107441e+05
-2.106777029690761119e+05
-2.093037341524313670e+05
-2.079351068791114376e+05
-2.065718080939024512e+05
-2.052138247576494177e+05
-2.038611438472605951e+05
-2.025137523557140375e+05
-2.011716372920632130e+05
-1.998347856814427651e+05
-1.985031845650739269e+05
-1.971768210002705455e+05
-1.958556820604442619e+05
-1.945397548351103032e+05
-1.932290264298929833e+05
-1.919234839665310574e+05
-1.906231145828833396e+05
-1.893279054329336504e+05
-1.880378436867966375e+05
-1.867529165307225776e+05
-1.854731111671032268e+05
-1.841983897484383197e+05
-1.829287565588576254e+05
-1.816642072754947876e+05
-1.804047291633768764e+05
-1.791503095037044841e+05
-1.779009355938574299e+05
-1.766565947474011045e+05
-1.754172742940914177e+05
-1.741829615798809391e+05
-1.729536439669239044e+05
-1.717293088335819775e+05
-1.705099435744296352e+05
-1.692955356002599001e+05
-1.680860723380890558e+05
-1.668815412311623804e+05
-1.656819297389592975e+05
-1.644872253371984116e+05
-1.632974155178427754e+05
-1.621124877891049837e+05
-1.609324296754521492e+05
-1.597572287176108803e+05
-1.585868724725722277e+05
-1.574213485135964002e+05
-1.562606444302182354e+05
-1.551047478282507218e+05
-1.539536463297908776e+05
-1.528073275732242910e+05
-1.516657792132290197e+05
-1.505289889207808883e+05
-1.494903711493932060e+05
-1.485494886144711345e+05
-1.476127611443626229e+05
-1.466801771201753872e+05
-1.457517249393369420e+05
-1.448273930155983544e+05
-1.439071697790394537e+05
-1.429910436760715675e+05
-1.420790031694429344e+05
-1.411710367382421100e+05
-1.402671328779020114e+05
-1.393672801002043416e+05
-1.384714669332829362e+05
-1.375796819216278382e+05
-1.366919136260893720e+05
-1.358081506238816655e+05
-1.349283815085862880e+05
-1.340525948901564407e+05
-1.331807793949197803e+05
-1.323129236655824643e+05
-1.314490163612331962e+05
-1.305889432531642960e+05
-1.297327922879075049e+05
-1.288805570629930589e+05
-1.280322262957193016e+05
-1.271877887197986129e+05
-1.263472330853593303e+05
-1.255105481589482952e+05
-1.246777227235324099e+05
-1.238487455785007332e+05
-1.230236055396667507e+05
-1.222022914392695238e+05
-1.213847921259764698e+05
-1.205710964648844383e+05
-1.197611933375220542e+05
-1.189550716418512748e+05
-1.181527202922688739e+05
-1.173541282196088141e+05
-1.165592843711432361e+05
-1.157681777105843212e+05
-1.149807972180862853e+05
-1.141971318902462226e+05
-1.134171707401060121e+05
-1.126409027971543546e+05
-1.118683171073270205e+05
-1.110994027330093668e+05
-1.103341487530372106e+05
-1.095725442626984150e+05
-1.088145783737340535e+05
-1.080602402143396321e+05
-1.073095189291668648e+05
-1.065624036793242849e+05
-1.058188836423785688e+05
-1.050789480123560934e+05
-1.043425859997435764e+05
-1.036097868314895895e+05
-1.028805397510052280e+05
-1.021548340181651874e+05
-1.014326589093092334e+05
-1.007140037172423908e+05
-9.999885775123663188e+04
-9.928721033703113790e+04
-9.857905081683362368e+04
-9.787436854932087590e+04
-9.717315290963946609e+04
-9.647539328940688574e+04
-9.578107909671196830e+04
-9.509019975611561676e+04
-9.440274470865135663e+04
-9.371870341182628181e+04
-9.303806533962131653e+04
-9.236081998249176831e+04
-9.168701450892470893e+04
-9.101659960448264610e+04
-9.034954498396575218e+04
-8.968584021030856820e+04
-8.902547486290303641e+04
-8.836843853759758349e+04
-8.771472084669768810e+04
-8.706431141896553163e+04
-8.641719989961993997e+04
-8.577337595033657271e+04
-8.513282924924707913e+04
-8.449554949093988398e+04
-8.386152638645925617e+04
-8.323074966330520692e+04
-8.260320906543340243e+04
-8.197889435325484374e+04
-8.135779530363538652e+04
-8.073990170989572653e+04
-8.012520338181033731e+04
-7.951369014560800861e+04
-7.890535184397050762e+04
-7.830017833603282634e+04
-7.769815949738209019e+04
-7.709928522005747072e+04
-7.650354541254957439e+04
-7.591092999979942397e+04
-7.532142892319842940e+04
-7.473503214058735466e+04
-7.415172962625572109e+04
-7.357151137094137084e+04
-7.299436738182927365e+04
-7.242028768255104660e+04
-7.184926231318413920e+04
-7.128128133025094576e+04
-7.071633480671790312e+04
-7.015441283199487953e+04
-6.959550551193373394e+04
-6.903960296882811235e+04
-6.848669534141184704e+04
-6.793677278485795250e+04
-6.738982547077823256e+04
-6.684584358722137404e+04
-6.630481733867262665e+04
-6.576673694605217315e+04
-6.523159264671397978e+04
-6.469937469444499584e+04
-6.417007335946348758e+04
-6.364367892841809953e+04
-6.312018170438664674e+04
-6.259957200687435397e+04
-6.208184017181307718e+04
-6.156697655155952816e+04
-6.105493576025900256e+04
-6.054572730456027784e+04
-6.003935901015853597e+04
-5.953582128923141863e+04
-5.903510457038726599e+04
-5.853719929866153689e+04
-5.804209593551400758e+04
-5.754978495882511925e+04
-5.706025686289317673e+04
-5.657350215843108890e+04
-5.608951137256264337e+04
-5.560827504882001085e+04
-5.512978374714001984e+04
-5.465402804386087519e+04
-5.418099853171926225e+04
-5.371068581984661432e+04
-5.324308053376615135e+04
-5.277817331538962026e+04
-5.231595482301364245e+04
-5.185641573131685436e+04
-5.139954673135609482e+04
-5.094533853056367661e+04
-5.049378185274344287e+04
-5.004486743806782761e+04
-4.959858604307445057e+04
-4.915492844066240650e+04
-4.871388542008944205e+04
-4.827544778696799767e+04
-4.783960636326234089e+04
-4.740635198728475370e+04
-4.697567551369220746e+04
-4.654756781348316872e+04
-4.612201977399380121e+04
-4.569902229889477894e+04
-4.527856630818762642e+04
-4.486064273820154631e+04
-4.444524254158935946e+04
-4.403235668732483464e+04
-4.362197616069834476e+04
-4.321409196331389830e+04
-4.280869511308545043e+04
-4.240577664423317765e+04
-4.200532760728033463e+04
-4.160733906904904143e+04
-4.121180211265747494e+04
-4.081870783751573617e+04
-4.042804735932229232e+04
-4.003981181006057886e+04
-3.965399233799520880e+04
-3.927058010766828374e+04
-3.888956629989599605e+04
-3.851094211176461977e+04
-3.813471005395584507e+04
-3.776087299770471145e+04
-3.738939863527967827e+04
-3.702027823404654919e+04
-3.665350307760181022e+04
-3.628906446576767485e+04
-3.592695371458737645e+04
-3.556716215632001695e+04
-3.520968113943607023e+04
-3.485450202861228900e+04
-3.450161620472683717e+04
-3.415101506485450955e+04
-3.380269002226182056e+04
-3.345663250640216575e+04
-3.311283396291101963e+04
-3.277128585360090801e+04
-3.243197965645678414e+04
-3.209490686563089912e+04
-3.176005899143822171e+04
-3.142742756035139246e+04
-3.109700411499591792e+04
-3.076878021414531031e+04
-3.044274743271624175e+04
-3.011889736176372389e+04
-2.979715770241366408e+04
-2.947745668590935020e+04
-2.915978674978586787e+04
-2.884414034565511611e+04
-2.853050993920325709e+04
-2.821888801018722734e+04
-2.790926705243183096e+04
-2.760163957382686931e+04
-2.729599809632376855e+04
-2.699233515593280026e+04
-2.669064330271988729e+04
-2.639091510080359876e+04
-2.609314312835199235e+04
-2.579731997757979480e+04
-2.550343825474502228e+04
-2.521149058014601178e+04
-2.492146958811851437e+04
-2.463336792703234096e+04
-2.434717825928857928e+04
-2.406289326131611233e+04
-2.378050562356888622e+04
-2.350000805052262513e+04
-2.322139326067173533e+04
-2.294465398652627118e+04
-2.266978297460867179e+04
-2.239677298545087251e+04
-2.212561679359091067e+04
-2.185630718756996794e+04
-2.158883166679341593e+04
-2.132317312863052575e+04
-2.105934009689301820e+04
-2.079732541172444689e+04
-2.053712192726453213e+04
-2.027872251164387126e+04
-2.002212004697814700e+04
-1.976730742936267779e+04
-1.951427756886692441e+04
-1.926302338952895661e+04
-1.901353782934987612e+04
-1.876581384028869070e+04
-1.851984438825657708e+04
-1.827562245311176594e+04
-1.803314102865404129e+04
-1.779239312261939267e+04
-1.755337175667485280e+04
-1.731606996641304431e+04
-1.708048080134705378e+04
-1.684659732490518581e+04
-1.661441261442574250e+04
-1.638391976115184843e+04
-1.615511187022618651e+04
-1.592798206068602485e+04
-1.570252346545799992e+04
-1.547872923135310339e+04
-1.525659251906159261e+04
-1.503610650314775557e+04
-1.481726437204520334e+04
-1.460005932805157863e+04
-1.438448458732375730e+04
-1.417053337987284613e+04
-1.395819894955908967e+04
-1.374747455408711176e+04
-1.353835346500093146e+04
-1.333082896767904458e+04
-1.312489436132965238e+04
-1.292054295898566124e+04
-1.271776808749990960e+04
-1.251656308754047132e+04
-1.231692131358556617e+04
-1.211883613391904873e+04
-1.192230093062542437e+04
-1.172730909958526718e+04
-1.153385405047035601e+04
-1.134192920673895242e+04
-1.115152800563121127e+04
-1.096264389816418770e+04
-1.077527034912756244e+04
-1.058940083707865779e+04
-1.040502885433781921e+04
-1.022214838269506618e+04
-1.004076233664902429e+04
-9.860854028597339493e+03
-9.682417009774108010e+03
-9.505444845128355155e+03
-9.329931113316006304e+03
-9.155869406691766926e+03
-8.983253331301071739e+03
-8.812076506872377649e+03
-8.642332566809105629e+03
-8.474015158181980951e+03
-8.307117941721291572e+03
-8.141634591809110134e+03
-7.977558796471910682e+03
-7.814884257372761567e+03
-7.653604689804105874e+03
-7.493713822680171688e+03
-7.335205398529633385e+03
-7.178073173488457542e+03
-7.022310917292479644e+03
-6.867912413270307297e+03
-6.714871458336190699e+03
-6.563181862983006795e+03
-6.412837451275046988e+03
-6.263832060841326893e+03
-6.116159542868532299e+03
-5.969813762094190679e+03
-5.824788596799799052e+03
-5.681077938804278347e+03
-5.538675693457058514e+03
-5.397575779631608384e+03
-5.257772129718741780e+03
-5.119258689620169207e+03
-4.982029418741863992e+03
-4.846078289987736753e+03
-4.711399289753288031e+03
-4.577986417919092673e+03
-4.445833687844604356e+03
-4.314935126361991934e+03
-4.185284773769716594e+03
-4.056876683826574663e+03
-3.929704923745452106e+03
-3.803763574187319136e+03
-3.679046729255186619e+03
-3.555548496488057026e+03
-3.433262996855080473e+03
-3.312184364749656197e+03
-3.192306747983443984e+03
-3.073624307780665731e+03
-2.956131218772248303e+03
-2.839821844881502329e+03
-2.724690703263381693e+03
-2.610731462201137674e+03
-2.497938350660114793e+03
-2.386305610967540815e+03
-2.275827498802533228e+03
-2.166498283186098433e+03
-2.058312246471208709e+03
-1.951263684333063338e+03
-1.845346905759246056e+03
-1.740556233040410689e+03
-1.636886001760641875e+03
-1.534330560788135017e+03
-1.432884272266010157e+03
-1.332541511603108347e+03
-1.233296667464962184e+03
-1.135144141764825690e+03
-1.038078349654887461e+03
-9.420937195174897170e+02
-8.471846929564841275e+02
-7.533457247886868799e+02
-6.605712830354606240e+02
-5.688558489143090355e+02
-4.781939168306411148e+02
-3.885799943695438969e+02
-3.000086022878120957e+02
-2.124742745058945275e+02
-1.259715581000114355e+02
-4.049501329427283025e+01
4.396078654686409237e+01
1.274012549263523510e+02
2.098317922221447702e+02
2.912577856944903942e+02
3.716846094934900293e+02
4.511176246662747076e+02
5.295621791642355447e+02
6.070236078502143755e+02
6.835072325054117073e+02
7.590183618365525717e+02
8.335622914825587486e+02
9.071443040215683595e+02
9.797696689775848427e+02
1.051443642827021904e+03
1.122171469005541667e+03
1.191958377914332459e+03
1.260809586926687871e+03
1.328730300394311598e+03
1.395725709653634340e+03
1.461800624405591407e+03
1.526960020291226556e+03
1.591209529845870748e+03
1.654554293969239097e+03
1.716999440599587615e+03
1.778550084729735772e+03
1.839211328423141367e+03
1.898988260829567480e+03
1.957885958200456571e+03
2.015909483904339368e+03
2.073063888441582549e+03
2.129354209459316280e+03
2.184785471765887451e+03
2.239362687345178529e+03
2.293090855370630834e+03
2.345974962219040208e+03
2.398019981484266282e+03
2.449230873990528835e+03
2.499612587805685962e+03
2.549170058254028845e+03
2.597908207929155651e+03
2.645831946706389772e+03
2.692946171755152591e+03
2.739255767551076133e+03
2.784765605887771926e+03
2.829480545888627603e+03
2.873405434018300184e+03
2.916545104093924692e+03
2.958904377296234088e+03
3.000488062180381348e+03
3.041300954686720615e+03
3.081347838151229553e+03
3.120633483315867579e+03
3.159162648338564395e+03
3.196940078803263532e+03
3.233970507729616656e+03
3.270258655582539177e+03
3.305809230281571217e+03
3.340626927210073518e+03
3.374716429224187777e+03
3.408082406661790628e+03
3.440729517351038339e+03
3.472662406618935165e+03
3.503885707299549722e+03
3.534404039742260466e+03
3.564221547155131702e+03
3.593337619519626060e+03
3.621762399752329657e+03
3.649500461904535769e+03
3.676556367581994891e+03
3.702934665960180610e+03
3.728639893799455422e+03
3.753676575459688138e+03
3.778049222914771235e+03
3.801762335766790784e+03
3.824820401259839855e+03
3.847227894293623649e+03
3.868989277436660814e+03
3.890109000939411999e+03
3.910591502746801780e+03
3.930441208510816978e+03
3.949662531602575655e+03
3.968259873124144178e+03
3.986237621920283800e+03
4.003600154589646081e+03
4.020351835495928754e+03
4.036497016778673242e+03
4.052040038363728854e+03
4.066985227973635119e+03
4.081336901137620771e+03
4.095099361201369447e+03
4.108276899336550741e+03
4.120873794550105231e+03
4.132894313693263939e+03
4.144342711470399081e+03
4.155223230447520109e+03
4.165540101060644702e+03
4.175297541623878715e+03
4.184499758337195999e+03
4.193150945294188205e+03
4.201255284489409860e+03
4.208816945825537005e+03
4.215840087120328462e+03
4.222328854113449779e+03
4.228287380472912446e+03
4.233719787801470375e+03
4.238630185642614379e+03
4.243022671486616673e+03
4.246908890933363182e+03
4.250288307026899929e+03
4.253162068329783324e+03
4.255534220296017338e+03
4.257408796533691202e+03
4.258789818855168051e+03
4.259681297326263120e+03
4.260087230314337830e+03
4.260011604535341576e+03
4.259458395099773952e+03
4.258431565557678368e+03
4.256935067942491514e+03
4.254972842813995157e+03
4.252548819300167452e+03
4.249666915138003787e+03
4.246331036713430876e+03
4.242545079100193107e+03
4.238312926097747550e+03
4.233638450268234010e+03
4.228525512972332763e+03
4.222977964404422892e+03
4.216999643626546458e+03
4.210594378601617791e+03
4.203765986225536835e+03
4.196518272358633112e+03
4.188855031855890047e+03
4.180780048596518100e+03
4.172297095512468331e+03
4.163409934616226565e+03
4.154122317027518875e+03
4.144437982999365886e+03
4.134360661943155719e+03
4.123894072452791079e+03
4.113041922328244254e+03
4.101807908598029826e+03
4.090195717540942496e+03
4.078209024707012759e+03
4.065851494937604002e+03
4.053126782384713351e+03
4.040038841545994728e+03
4.026591063547142767e+03
4.012786999436204496e+03
3.998630260513312805e+03
3.984124447356480232e+03
3.969273149801934778e+03
3.954079946924409796e+03
3.938548407017483441e+03
3.922682087573794888e+03
3.906484535265285558e+03
3.889959285923379866e+03
3.873109864519155053e+03
3.855939785143428253e+03
3.838452550986882216e+03
3.820651654320182388e+03
3.802540576474016234e+03
3.784122787819132100e+03
3.765401747746444016e+03
3.746380904646935505e+03
3.727063695891764382e+03
3.707453547812282068e+03
3.687553875679965131e+03
3.667368083686477803e+03
3.646899564923699472e+03
3.626151701363671236e+03
3.605127863838622943e+03
3.583831412021037067e+03
3.562265694403660746e+03
3.540434048279511444e+03
3.518339799722013595e+03
3.495986263565008358e+03
3.473376743382921632e+03
3.450514531470845668e+03
3.427402908824706174e+03
3.404045145121382575e+03
3.380440699812295406e+03
3.356595583814784732e+03
3.332514126692302852e+03
3.308199555779439834e+03
3.283655088342250110e+03
3.258883931956745073e+03
3.233889284878986473e+03
3.208674336406716975e+03
3.183242267232606537e+03
3.157596249789236936e+03
3.131739448585894024e+03
3.105675020537139062e+03
3.079406115283341478e+03
3.052935875503199441e+03
3.026267437218352370e+03
2.999403930090076756e+03
2.972348477708126211e+03
2.945104197871948600e+03
2.917674202864178824e+03
2.890061599716557794e+03
2.862269490468288041e+03
2.834300972416884179e+03
2.806159138361747864e+03
2.777847076840344926e+03
2.749367872357110173e+03
2.720724605605155375e+03
2.691920353680890912e+03
2.662958190291539722e+03
2.633841185955693618e+03
2.604572408196908782e+03
2.575154933559237179e+03
2.545592999030832743e+03
2.515888451713410177e+03
2.486044346007490731e+03
2.456063731251589161e+03
2.425949650747128544e+03
2.395705140801872403e+03
2.365333229791802296e+03
2.334836937241187115e+03
2.304219272920673575e+03
2.273483235963441075e+03
2.242631813999038059e+03
2.211667982304926682e+03
2.180594702975527071e+03
2.149414924108731611e+03
2.118131579009432244e+03
2.086747585410402280e+03
2.055265844709996600e+03
2.023689241226658623e+03
1.992020641470196551e+03
1.960262893429498035e+03
1.928418825876753999e+03
1.896491247687881696e+03
1.864482947179045595e+03
1.832396691459347494e+03
1.800235225799127420e+03
1.768001273014212074e+03
1.735699052228958180e+03
1.703329982103739894e+03
1.670896404904168094e+03
1.638400975513143521e+03
1.605846345768567062e+03
1.573235170308323632e+03
1.540570112282009177e+03
1.507853848930569711e+03
1.475089077034959928e+03
1.442278518235145157e+03
1.409424924220269759e+03
1.376531081791437373e+03
1.343599817798001141e+03
1.310634003948694044e+03
1.277636561498488390e+03
1.244610465812551865e+03
1.211558750808205787e+03
1.178484513276128837e+03
1.145390917081847419e+03
1.112281197248653825e+03
1.079158663923064978e+03
1.046023171177661425e+03
1.012878921030536276e+03
9.797326319335684275e+02
9.465878542113028971e+02
9.134481429664765528e+02
8.803170335437911262e+02
8.471980175489593421e+02
8.140945194185769651e+02
7.810098735357447595e+02
7.479473018866955272e+02
7.149098922534835765e+02
6.819005769381773234e+02
6.489221120135282490e+02
6.159770570954565301e+02
5.830677556326985496e+02
5.501963157086024694e+02
5.173654583185672209e+02
4.845772820514520163e+02
4.518316706125868905e+02
4.191302256929599253e+02
3.864748151257248310e+02
3.538677538706058385e+02
3.213119806617747258e+02
2.888112303583751554e+02
2.563702020370899959e+02
2.239947228656559446e+02
1.916919077961635196e+02
1.594707026166168760e+02
1.273410638885949453e+02
9.531436693651713199e+01
6.340439287305819960e+01
3.162694813855938136e+01
-4.123864746516026004e-11
