0.00027382392356530146
0.0002719371097840809
0.0002719371097840809
0.0002717684033282287
0.0002715997542214164
0.0002714311624545175
0.0002714311624545175
0.00027126262801849537
0.00027109415090416806
0.00027092573110252687
0.00027092573110252687
0.00027075736860438274
0.00027058906340074094
0.00027058906340074094
0.00027042081548244015
0.0002685496694778155
0.00026838236911252695
0.00026838236911252695
0.00026821512585664496
0.0002680479397009251
0.0002680479397009251
0.00026788081063639337
0.0002677137386538679
0.00026754672374437467
0.00026754672374437467
0.00026737976589866235
0.00026721286510773633
0.00026704602136241455
0.00026704602136241455
0.00026519047781192593
0.000265024577652426
0.000265024577652426
0.00026485873436254064
0.00026469294793317804
0.00026452721835529513
0.00026452721835529513
0.00026436154561971685
0.0002641959297174486
0.00026403037063928766
0.00026403037063928766
0.0002638648683762395
0.0002636994229191013
0.0002636994229191013
0.0002618594165003259
0.00026169491066164064
0.00026153046145295934
0.00026153046145295934
0.0002613660688650792
0.00026120173288896406
0.0002610374535155224
0.0002610374535155224
0.00026087323073562777
0.00026070906454020947
0.00026070906454020947
0.0002605449549201619
0.00026038090186638664
0.0002602169053697989
0.0002585563672568275
0.00025839324985418665
0.00025823018884182887
0.00025823018884182887
0.00025806718421062105
0.00025790423595144376
0.00025774134405526797
0.00025774134405526797
0.0002575785085129813
0.0002574157293153951
0.00025725300645353577
0.00025725300645353577
0.00025709033991822163
0.00025692772970039587
0.0002552812117954676
0.0002551194769440545
0.00025495779824317695
0.00025479617568377114
0.00025479617568377114
0.0002546346092567318
0.00025447309895297436
0.00025431164476339346
0.00025431164476339346
0.00025415024667887
0.00025398890469037494
0.00025398890469037494
0.0002538276187887128
0.0002536663889648546
0.0002518734736452652
0.0002518734736452652
0.0002517131713711239
0.0002515529249987009
0.0002515529249987009
0.00025139273451894634
0.0002512325999228106
0.0002510725212011467
0.0002510725212011467
0.00025091249834487735
0.0002507525313448902
0.000250592620192101
0.000250592620192101
0.0002504327648773907
0.0002486551216721545
0.0002486551216721545
0.00024849618993982056
0.00024833731386959796
0.00024817849345235384
0.00024817849345235384
0.00024801972867896915
0.00024786101954042894
0.0002477023660275726
0.0002477023660275726
0.00024754376813132967
0.0002473852258425465
0.0002473852258425465
0.0002472267391522082
0.0002454643027389012
0.0002453067356636284
0.0002453067356636284
0.0002451492240107847
0.0002449917677712095
0.0002448343669358464
0.0002448343669358464
0.000244677021495611
0.0002445197314413707
0.0002445197314413707
0.0002443624967639926
0.0002442053174544896
0.0002440481935037152
0.0002440481935037152
0.00024230089855988092
0.00024214469025693239
0.00024214469025693239
0.0002419885371366414
0.00024183243918997235
0.00024167639640782033
0.00024167639640782033
0.0002415204087810942
0.00024136447630064046
0.0002412085989574583
0.0002412085989574583
0.00024105277674237334
0.0002408970096463154
0.0002408970096463154
0.00023916479084969396
0.0002390099354341825
0.00023885513496172447
0.00023885513496172447
0.00023870038942312482
0.0002385456988093758
0.0002383910631114003
0.0002383910631114003
0.00023823648231998938
0.000238081956426177
0.000238081956426177
0.00023792748542076118
0.00023777306929466483
0.00023761870803883865
0.00023605586132278365
0.0002359023529099909
0.00023574889920054438
0.00023559550018533923
0.00023559550018533923
0.0002354421558551944
0.00023528886620113697
0.00023528886620113697
0.00023513563121404824
0.0002349824508847472
0.00023482932520425394
0.00023482932520425394
0.00023467625416340133
0.0002345232377530985
0.00023297399169390812
0.00023282182439902097
0.00023266971156780147
0.00023251765319117266
0.00023251765319117266
0.00023236564925992575
0.00023221369976503936
0.0002320618046974574
0.0002320618046974574
0.00023190996404799888
0.00023175817780760768
0.00023175817780760768
0.0002316064459671931
0.00023145476851762966
0.00022976823161604968
0.00022976823161604968
0.00022961745377834446
0.00022946673015547607
0.00022931606073833992
0.00022931606073833992
0.00022916544551792854
0.00022901488448504717
0.00022901488448504717
0.00022886437763070227
0.00022871392494569213
0.00022856352642098158
0.00022856352642098158
0.00022841318204745918
0.00022674145627588432
0.00022674145627588432
0.0002265920075469067
0.0002264426127931101
0.00022629327200537615
0.00022629327200537615
0.00022614398517464197
0.0002259947522918031
0.0002258455733477065
0.0002258455733477065
0.00022569644833335176
0.00022554737723959282
0.00022554737723959282
0.00022539836005734603
0.00022374138009353603
0.0002235932545885641
0.0002235932545885641
0.00022344518281905586
0.00022329716477599018
0.00022314920045016551
0.00022314920045016551
0.0002230012898326301
0.00022285343291413392
0.00022285343291413392
0.00022270562968568352
0.00022255788013816075
0.00022241018426237796
0.00022241018426237796
0.00022076788478399083
0.0002206210766182703
0.00022047432194840117
0.00022047432194840117
0.0002203276207652097
0.00022018097305965406
0.00022018097305965406
0.00022003437882261607
0.00021988783804501228
0.00021974135071771062
0.00021974135071771062
0.00021959491683168318
0.0002194485363777771
0.0002194485363777771
0.0002178208520624177
0.00021767535535130073
0.00021752991189625723
0.00021752991189625723
0.00021738452168828013
0.00021723918471820274
0.00021709390097702496
0.00021709390097702496
0.0002169486704555316
0.00021680349314470167
0.00021680349314470167
0.00021665836903546576
0.00021651329811865722
0.00021636828038519272
0.0002149001636440576
0.0002147559725027391
0.00021461183437788362
0.00021446774926036619
0.00021446774926036619
0.00021432371714110351
0.00021417973801099845
0.00021417973801099845
0.0002140358118609746
0.000213891938681921
0.00021374811846475435
0.00021374811846475435
0.0002136043512003428
0.00021346063687961703
0.00021200570124417495
0.00021186280978801174
0.00021171997110860488
0.00021157718519687114
0.00021157718519687114
0.00021143445204372036
0.00021129177164005546
0.00021114914397674472
0.00021114914397674472
0.0002110065690447396
0.0002108640468349778
0.0002108640468349778
0.00021072157733825812
0.00021057916054558073
0.00020899574892254064
0.00020899574892254064
0.00020885420380390088
0.0002087127112132147
0.00020857127114147533
0.00020857127114147533
0.00020842988357954413
0.00020828854851831028
0.00020828854851831028
0.00020814726594870452
0.0002080060358615883
0.0002078648582479063
0.0002078648582479063
0.00020772373309854074
0.00020615467162177814
0.0002060144141792471
0.0002060144141792471
0.00020587420902498576
0.00020573405614995963
0.00020573405614995963
0.00020559395554505796
0.0002054539072012047
0.00020531391110926132
0.00020531391110926132
0.0002051739672602212
0.00020503407564486251
0.00020503407564486251
0.00020489423625417175
0.0002033394596014151
0.00020320048395024656
0.00020320048395024656
0.00020306156034774104
0.00020292268878476012
0.00020278386925225557
0.00020278386925225557
0.00020264510174111672
0.0002025063862422121
0.0002025063862422121
0.00020236772274647265
0.0002022291112447947
0.00020209055172811622
0.00020209055172811622
0.00020054999457705478
0.00020041229483267137
0.00020027464689723423
0.00020027464689723423
0.0002001370507616467
0.00019999950641683977
0.00019999950641683977
0.0001998620138537584
0.00019972457306322264
0.00019958718403614276
0.00019958718403614276
0.00019944984676351917
0.00019931256123617203
0.00019917532744503932
0.0001977861582646083
0.00019764972854228235
0.00019751335038924932
0.00019751335038924932
0.00019737702379640565
0.00019724074875469638
0.0001971045252549624
0.0001971045252549624
0.00019696835328815576
0.0001968322328451729
0.0001968322328451729
0.00019669616391688945
0.00019656014649420194
0.0001964241805680971
0.0001950478323798576
0.00019491266679498868
0.00019477755253973248
0.00019464248960501332
0.00019464248960501332
0.000194507477981693
0.00019437251766074443
0.00019437251766074443
0.00019423760863298783
0.00019410275088936832
0.00019396794442083108
0.00019396794442083108
0.00019383318921823106
0.00019369848527250647
0.00019220099130676455
0.00019220099130676455
0.00019206713506467416
0.00019193332990339305
0.00019193332990339305
0.00019179957581389414
0.00019166587278702556
0.00019153222081370473
0.00019153222081370473
0.0001913986198848769
0.00019126506999145264
0.00019126506999145264
0.00019113157112427307
0.00019099812327426265
0.00018951458379371167
0.00018951458379371167
0.00018938197968010204
0.0001892494264076859
0.00018911692396732525
0.00018911692396732525
0.0001889844723499585
0.00018885207154649623
0.00018885207154649623
0.00018871972154782825
0.0001885874223448583
0.0001884551739284762
0.0001884551739284762
0.00018832297628962034
0.00018685332597201065
0.00018672196810229626
0.00018672196810229626
0.00018659066083409804
0.00018645940415827806
0.00018645940415827806
0.00018632819806580262
0.00018619704254751993
0.00018606593759440317
0.00018606593759440317
0.00018593488319728675
0.00018580387934712304
0.00018567292603478117
0.00018567292603478117
0.00018421709955789332
0.0001840869820474493
0.0001840869820474493
0.00018395691489887285
0.00018382689810304
0.00018369693165080602
0.00018369693165080602
0.00018356701553315813
0.00018343714974093073
0.00018343714974093073
0.00018330733426512492
0.00018317756909653351
0.00018304785422614374
0.00018304785422614374
0.00018160578626774668
0.00018147690323203384
0.00018134807031845062
0.00018134807031845062
0.00018121928751793566
0.0001810905548214137
0.0001810905548214137
0.00018096187221971935
0.00018083323970388145
0.00018070465726469992
0.00018070465726469992
0.0001805761248931273
0.00018044764258006067
0.00018031921031639705
0.00017901926781801588
0.0001788916133723794
0.0001787640088092396
0.0001787640088092396
0.00017863645411950055
0.00017850894929405937
0.0001783814943238201
0.0001783814943238201
0.00017825408919972148
0.00017812673391263292
0.0001779994284534793
0.0001779994284534793
0.00017787217281315081
0.0001777449669826071
0.00017645742592527363
0.0001763309941851234
0.0001762046120878518
0.00017607827962427271
0.00017607827962427271
0.00017595199678535278
0.00017582576356194753
0.00017582576356194753
0.00017569957994502362
0.0001755734459254782
0.00017544736149416003
0.00017544736149416003
0.00017532132664204955
0.00017519534135997464
0.00017379492738691282
0.00017379492738691282
0.0001736697618709018
0.00017354464574893848
0.00017354464574893848
0.00017341957901198955
0.00017329456165087598
0.0001731695936565506
0.0001731695936565506
0.00017304467501994545
0.00017291980573191617
0.00017279498578340175
0.00017279498578340175
0.00017267021516532036
0.00017128329469448054
0.00017128329469448054
0.0001711593398751734
0.00017103543421027008
0.00017091157769068182
0.00017091157769068182
0.00017078777030732684
0.00017066401205106786
0.00017066401205106786
0.00017054030291283696
0.00017041664288352468
0.00017029303195410472
0.00017029303195410472
0.00017016947011538433
0.00016879597782461055
0.00016867322781752232
0.00016867322781752232
0.0001685505267251117
0.00016842787453833855
0.00016842787453833855
0.00016830527124814203
0.0001681827168454335
0.00016806021132105496
0.00016806021132105496
0.00016793775466593863
0.00016781534687100976
0.00016769298792714506
0.00016769298792714506
0.00016633285849432534
0.00016621130741480692
0.00016621130741480692
0.00016608980501037259
0.0001659683512719269
0.00016584694619038818
0.00016584694619038818
0.00016572558975660548
0.0001656042819615215
0.00016548302279606857
0.00016548302279606857
0.0001653618122511061
0.00016524065031759416
0.00016524065031759416
0.00016389381842053213
0.00016377346038413097
0.0001636531507831485
0.0001636531507831485
0.00016353288960846852
0.000163412676851013
0.000163412676851013
0.00016329251250169345
0.00016317239655141107
0.00016305232899106007
0.00016305232899106007
0.00016293230981157287
0.00016281233900383677
0.00016269241655873912
0.00016147873932042864
0.00016135956844260435
0.00016124044576052042
0.00016124044576052042
0.00016112137126509193
0.00016100234494720973
0.000160883366797834
0.000160883366797834
0.00016076443680781052
0.00016064555496806136
0.00016052672126950167
0.00016052672126950167
0.00016040793570304662
0.0001602891982596044
0.00015908750291120127
0.00015896951330739153
0.00015885157165973146
0.00015873367795902522
0.00015873367795902522
0.000158615832196247
0.0001584980343622669
0.0001584980343622669
0.0001583802844479828
0.00015826258244436547
0.00015814492834223298
0.00015814492834223298
0.00015802732213254566
0.000157909763806198
0.00015660317669588167
0.00015660317669588167
0.00015648641019808294
0.0001563696914076484
0.0001563696914076484
0.00015625302031539961
0.00015613639691233866
0.00015601982118933227
0.00015601982118933227
0.00015590329313729231
0.00015578681274710637
0.00015567038000969673
0.00015567038000969673
0.00015555399491597177
0.00015426044032539366
0.00015426044032539366
0.0001541448430930175
0.00015402929332828495
0.00015391379102214954
0.00015391379102214954
0.00015379833616549542
0.00015368292874927273
0.000153567568764324
0.000153567568764324
0.00015345225620157858
0.00015333699105196227
0.00015333699105196227
0.0001532217733063489
0.00015194118591348142
0.00015182675206200816
0.00015182675206200816
0.00015171236543853864
0.00015159802603399876
0.00015159802603399876
0.00015148373383929012
0.00015136948884532126
0.00015125529104300078
0.00015125529104300078
0.00015114114042323032
0.00015102703697691846
0.0001509129806949842
0.0001509129806949842
0.00014964529517770144
0.00014953201882264845
0.00014953201882264845
0.00014941878945595334
0.00014930560706855249
0.00014919247165129902
0.00014919247165129902
0.00014907938319515365
0.00014896634169099727
0.0001488533471297039
0.0001488533471297039
0.00014874039950225155
0.00014862749879947956
0.00014862749879947956
0.00014737264983572044
0.00014726052509263517
0.0001471484470982628
0.0001471484470982628
0.00014703641584351906
0.00014692443131928838
0.00014681249351647602
0.00014681249351647602
0.0001467006024259977
0.00014658875803875868
0.00014658875803875868
0.0001464769603456539
0.00014636520933763723
0.000146253505005555
0.00014512313160531176
0.0001450121525897544
0.00014490122008325207
0.00014490122008325207
0.00014479033407669627
0.0001446794945610097
0.0001445687015270908
0.0001445687015270908
0.0001444579549658588
0.00014434725486820872
0.00014423660122504594
0.00014423660122504594
0.0001441259940272967
0.0001440154332658282
0.00014289662220435889
0.00014278678303187464
0.00014267699012877457
0.00014256724348598847
0.00014256724348598847
0.0001424575430943836
0.00014234788894494174
0.0001422382810284747
0.0001422382810284747
0.00014212871933598167
0.00014201920385830912
0.00014201920385830912
0.00014190973458637297
0.00014180031151109955
0.00014058429813693291
0.00014058429813693291
0.00014047563895281135
0.0001403670257893582
0.0001403670257893582
0.00014025845863742696
0.00014014993748797525
0.0001400414623318913
0.0001400414623318913
0.00013993303316010144
0.0001398246499634801
0.00013971631273296058
0.00013971631273296058
0.00013960802145943115
0.0001384045796230319
0.0001384045796230319
0.00013829704827345005
0.00013818956270487812
0.00013808212290820096
0.00013808212290820096
0.000137974728874345
0.00013786738059420555
0.00013776007805868477
0.00013776007805868477
0.0001376528212587126
0.00013754561018515318
0.00013754561018515318
0.00013743844482896414
0.0001362475092082977
0.00013614109980884337
0.00013614109980884337
0.00013603473595072757
0.00013592841762488376
0.0001358221448221934
0.0001358221448221934
0.00013571591753358306
0.00013560973574993076
0.00013560973574993076
0.00013550359946217346
0.00013539750866118922
0.00013529146333791158
0.00013529146333791158
0.00013411296861097344
0.00013400767527724033
0.00013400767527724033
0.00013390242724520298
0.00013379722450576026
0.00013369206704984927
0.00013369206704984927
0.00013358695486833768
0.00013348188795215909
0.00013337686629220894
0.00013337686629220894
0.00013327188987938618
0.00013316695870462794
0.00013316695870462794
0.0001320008395494229
0.00013189665639699657
0.0001317925183066242
0.0001317925183066242
0.00013168842526918738
0.00013158437727564412
0.0001314803743168483
0.0001314803743168483
0.00013137641638374058
0.0001312725034672061
0.0001312725034672061
0.00013116863555816813
0.00013106481264752923
0.0001309610347261988
0.0001299110037420228
0.00012980792488653282
0.00012970489085342121
0.00012960190163363906
0.00012960190163363906
0.00012949895721805078
0.0001293960575975971
0.0001293960575975971
0.00012929320276316322
0.0001291903927056691
0.00012908762741601729
0.00012908762741601729
0.00012898490688510695
0.00012888223110387188
0.00012784334290735026
0.00012774136246438341
0.00012763942660417582
0.00012753753531763004
0.00012753753531763004
0.00012743568859564878
0.00012733388642913814
0.0001272321288090181
0.0001272321288090181
0.00012713041572618447
0.0001270287471715468
0.0001270287471715468
0.0001269271231360009
0.0001268255436104737
0.0001256968508491859
0.0001256968508491859
0.00012559600727750706
0.0001254952080398268
0.00012539445312708612
0.00012539445312708612
0.00012529374253014954
0.0001251930762399684
0.0001251930762399684
0.00012509245424740728
0.0001249918765434141
0.0001248913431188847
0.0001248913431188847
0.000124790853964701
0.00012367427175965677
0.00012367427175965677
0.00012357451459212335
0.00012347480151896444
0.00012337513253108634
0.00012337513253108634
0.00012327550761937798
0.00012317592677477346
0.00012307638998815482
0.00012307638998815482
0.00012297689725045266
0.0001228774485525421
0.0001228774485525421
0.0001227780438853573
0.00012167350691459136
0.00012157483026687101
0.00012157483026687101
0.00012147619747387769
0.00012137760852651081
0.00012127906341568374
0.00012127906341568374
0.00012118056213229246
0.00012108210466725729
0.00012108210466725729
0.0001209836910114777
0.00012088532115588095
0.00012078699509135615
0.00012078699509135615
0.00011969443803290912
0.00011959683602064404
0.00011949927762346636
0.00011949927762346636
0.00011940176283227558
0.0001193042916379713
0.0001193042916379713
0.00011920686403148081
0.00011910948000370023
0.00011901213954551873
0.00011901213954551873
0.0001189148426478706
0.00011881758930164849
0.00011881758930164849
0.00011773694683359105
0.00011764041357245354
0.0001175439236867647
0.0001175439236867647
0.00011744747716740684
0.00011735107400531777
0.0001172547141913659
0.0001172547141913659
0.00011715839771649604
0.00011706212457158007
0.00011706212457158007
0.00011696589474756975
0.00011686970823534047
0.00011677356502580929
0.00011580091503573178
0.00011570544464140339
0.00011561001738286162
0.00011551463325103744
0.00011551463325103744
0.0001154192922368063
0.00011532399433110264
0.00011532399433110264
0.00011522873952481235
0.00011513352780886641
0.00011503835917415421
0.00011503835917415421
0.0001149432336115894
0.00011484815111208913
0.00011388622435851523
0.00011379181094666253
0.0001136974404309735
0.00011360311280234795
0.00011360311280234795
0.00011350882805168226
0.00011341458616990055
0.00011332038714789921
0.00011332038714789921
0.00011322623097658503
0.00011313211764686483
0.00011313211764686483
0.00011303804714966624
0.00011294401947588567
0.00011189939420754477
0.00011189939420754477
0.00011180607455038524
0.00011171279754066032
0.00011161956316924564
0.00011161956316924564
0.00011152637142707585
0.00011143322230505781
0.00011143322230505781
0.00011134011579408804
0.0001112470518850734
0.0001111540305689347
0.0001111540305689347
0.00011106105183656846
0.00011002807614339772
0.0001099358014604815
0.0001099358014604815
0.00010984356918535113
0.00010975137930891701
0.00010975137930891701
0.00010965923182206879
0.00010956712671572383
0.00010947506398080301
0.00010947506398080301
0.00010938304360819944
0.00010929106558883054
0.00010929106558883054
0.00010919912991360679
0.0001081777384737034
0.00010808650288075706
0.00010808650288075706
0.00010799530945593138
0.00010790415819017155
0.00010781304907437424
0.00010781304907437424
0.00010772198209944304
0.00010763095725626075
0.00010763095725626075
0.0001075399745357865
0.00010744903392890658
0.0001073581354265246
0.0001073581354265246
0.00010634826291802975
0.00010625806053074056
0.00010616790007196325
0.00010616790007196325
0.000106077781532605
0.00010598770490355907
0.00010598770490355907
0.0001058976701757569
0.00010580767734008831
0.00010571772638745704
0.00010571772638745704
0.000105627817308798
0.00010553795009499415
0.0001054481247369596
0.00010453953119600971
0.0001044503561301436
0.00010436122275312604
0.00010436122275312604
0.00010427213105590245
0.00010418308102936273
0.00010409407266441761
0.00010409407266441761
0.00010400510595196392
0.00010391618088293672
0.00010391618088293672
0.00010382729744822245
0.00010373845563874924
0.00010364965544540009
0.00010275142502741414
0.00010266327139869081
0.00010257515921919527
0.00010248708847984527
0.00010248708847984527
0.00010239905917154466
0.00010231107128520081
0.00010231107128520081
0.00010222312481173147
0.00010213521974204055
0.00010204735606702154
0.00010204735606702154
0.00010195953377760263
0.00010187175286469471
0.00010089668805623433
0.00010089668805623433
0.00010080959119001154
0.0001007225355242833
0.0001007225355242833
0.00010063552104998135
0.00010054854775799922
0.00010046161563924439
0.00010046161563924439
0.00010037472468464858
0.0001002878748850846
0.0001002878748850846
0.00010020106623150151
0.00010011429871478256
9.915048782273991e-05
9.915048782273991e-05
9.906440038552905e-05
9.897835390919568e-05
9.889234838464209e-05
9.889234838464209e-05
9.880638380278448e-05
9.87204601545391e-05
9.87204601545391e-05
9.863457743078226e-05
9.85487356224458e-05
9.846293472044945e-05
9.846293472044945e-05
9.837717471568689e-05
9.742455241822792e-05
9.733946852580871e-05
9.733946852580871e-05
9.725442535463173e-05
9.71694228956046e-05
9.71694228956046e-05
9.708446113964186e-05
9.699954007764597e-05
9.691465970052457e-05
9.691465970052457e-05
9.68298199991905e-05
9.674502096456014e-05
9.666026258752896e-05
9.666026258752896e-05
9.571876356281849e-05
9.563467733096429e-05
9.563467733096429e-05
9.555063158072494e-05
9.546662630300815e-05
9.538266148871644e-05
9.538266148871644e-05
9.529873712876274e-05
9.521485321405479e-05
9.521485321405479e-05
9.513100973550553e-05
9.504720668402273e-05
9.496344405051415e-05
9.496344405051415e-05
9.403300297673843e-05
9.394990852124577e-05
9.386685430772763e-05
9.386685430772763e-05
9.378384032710916e-05