0.0005160065314102544
0.000512450032804002
0.000512450032804002
0.0005121320713072698
0.0005118142178932734
0.0005114964725448995
0.0005114964725448995
0.0005111788352450351
0.0005108613059764554
0.0005105438847221512
0.0005105438847221512
0.0005102265714649124
0.0005099093661876322
0.0005099093661876322
0.0005095922688731976
0.0005060653087730722
0.0005057499978165442
0.0005057499978165442
0.0005054347944910866
0.000505119698779433
0.000505119698779433
0.0005048047106645747
0.0005044898301292595
0.0005041750571564851
0.0005041750571564851
0.0005038603917290412
0.0005035458338298631
0.0005032313834417405
0.0005032313834417405
0.0004997338386708119
0.0004994211671600135
0.0004994211671600135
0.000499108602828454
0.0004987961456590063
0.0004984837956346266
0.0004984837956346266
0.0004981715527380561
0.0004978594169522857
0.0004975473882600981
0.0004975473882600981
0.0004972354666444428
0.0004969236520881232
0.0004969236520881232
0.000493455399469526
0.0004931453563098181
0.0004928354198776783
0.0004928354198776783
0.0004925255901559102
0.0004922158671274215
0.0004919062507750992
0.0004919062507750992
0.0004915967410817816
0.000491287338030321
0.000491287338030321
0.0004909780416036669
0.0004906688517846437
0.0004903597685560899
0.00048722976814149393
0.00048692234223839955
0.00048661502261112004
0.00048661502261112004
0.0004863078092424869
0.00048600070211542184
0.00048569370121274947
0.00048569370121274947
0.00048538680651738454
0.00048508001801214477
0.00048477333567996573
0.00048477333567996573
0.00048446675950363736
0.0004841602894660953
0.00048105672165910904
0.0004807519019181048
0.00048044718800118396
0.00048014257989118517
0.00048014257989118517
0.0004798380775710163
0.0004795336810234812
0.0004792293902315641
0.0004792293902315641
0.00047892520517800653
0.00047862112584579275
0.00047862112584579275
0.000478317152217685
0.00047801328427663284
0.00047463381232149156
0.00047463381232149156
0.00047433169302041637
0.00047402967907454665
0.00047402967907454665
0.00047372777046672103
0.0004734259671798684
0.000473124269196862
0.000473124269196862
0.0004728226765005129
0.0004725211890736943
0.00047221980689934217
0.00047221980689934217
0.00047191852996030897
0.000468567850421148
0.000468567850421148
0.00046826831464137983
0.0004679688837651363
0.00046766955777522833
0.00046766955777522833
0.0004673703366545224
0.00046707122038592663
0.00046677220895227287
0.00046677220895227287
0.00046647330233645537
0.00046617450052131984
0.00046617450052131984
0.00046587580348980223
0.0004625537931897757
0.0004622568298368895
0.0004622568298368895
0.0004619599709357716
0.0004616632164692677
0.00046136656642022366
0.00046136656642022366
0.00046107002077152686
0.0004607735795061132
0.0004607735795061132
0.00046047724260675233
0.00046018101005637315
0.0004598848818378632
0.0004598848818378632
0.0004565914176001831
0.00045629701557968667
0.00045629701557968667
0.00045600271755918227
0.0004557085235215991
0.0004554144334497553
0.0004554144334497553
0.0004551204473265522
0.000454826565134794
0.0004545327868574863
0.0004545327868574863
0.0004542391124774124
0.00045394554197739756
0.00045394554197739756
0.00045068050062522987
0.00045038864884266094
0.00045009690060834363
0.00045009690060834363
0.0004498052559051724
0.00044951371471605556
0.0004492222770238739
0.0004492222770238739
0.00044893094281138305
0.00044863971206156794
0.00044863971206156794
0.00044834858475730215
0.00044805756088139707
0.000447766640416775
0.00044482081923793754
0.0004445315065987949
0.0004442422970561919
0.00044395319059303704
0.00044395319059303704
0.00044366418719216945
0.0004433752868364768
0.0004433752868364768
0.00044308648950885373
0.0004427977951921186
0.00044250920386919377
0.00044250920386919377
0.00044222071552291143
0.0004419323301361594
0.0004390121504113861
0.00043872536582121224
0.0004384386838758601
0.0004381521045582661
0.0004381521045582661
0.0004378656278511931
0.0004375792537375844
0.00043729298220030686
0.00043729298220030686
0.0004370068132221999
0.00043672074678617894
0.00043672074678617894
0.0004364347828750694
0.0004361489214718007
0.00043297000348305333
0.00043297000348305333
0.00043268583804055344
0.0004324017747740046
0.0004321178136663502
0.0004321178136663502
0.0004318339547003532
0.0004315501978589916
0.0004315501978589916
0.00043126654312509793
0.00043098299048152536
0.00043069953991116866
0.00043069953991116866
0.0004304161913969227
0.0004272651965576345
0.0004272651965576345
0.0004269835365234865
0.0004267019782136221
0.00042642052161088084
0.00042642052161088084
0.00042613916669812283
0.00042585791345825687
0.0004255767618740947
0.0004255767618740947
0.00042529571192857963
0.00042501476360453744
0.00042501476360453744
0.00042473391688487683
0.000421610722018247
0.00042133155629809846
0.00042133155629809846
0.0004210524918504354
0.0004207735286581943
0.0004204946667042425
0.0004204946667042425
0.0004202159059714402
0.00041993724644263404
0.00041993724644263404
0.0004196586881007397
0.00041938023092861056
0.0004191018749091071
0.0004191018749091071
0.00041600635683840666
0.0004157296743377758
0.0004154530926579857
0.0004154530926579857
0.00041517661178182036
0.0004149002316922443
0.0004149002316922443
0.0004146239523720762
0.00041434777380422515
0.00041407169597152375
0.00041407169597152375
0.00041379571885688104
0.00041351984244314356
0.00041351984244314356
0.0004104518779916319
0.00041017766761614337
0.0004099035576097477
0.0004099035576097477
0.00040962954795529844
0.0004093556386356838
0.00040908182963378517
0.00040908182963378517
0.00040880812093244215
0.0004085345125145639
0.0004085345125145639
0.0004082610043630039
0.00040798759646064363
0.00040771428879035745
0.00040494706245155484
0.0004046753131068078
0.0004044036636794275
0.0004041321141522884
0.0004041321141522884
0.0004038606645082511
0.00040358931473021085
0.00040358931473021085
0.0004033180648010283
0.0004030469147035779
0.0004027758644206925
0.0004027758644206925
0.00040250491393533684
0.00040223406323026056
0.0003994916871919212
0.00039922238778352406
0.0003989531878408032
0.0003986840873465777
0.0003986840873465777
0.0003984150862837289
0.00039814618463515926
0.00039787738238372943
0.00039787738238372943
0.0003976086795122932
0.00039734007600378756
0.00039734007600378756
0.0003970715718409761
0.00039680316700682356
0.00039381866862013294
0.00039381866862013294
0.00039355190706765554
0.00039328524451196314
0.0003930186809359721
0.0003930186809359721
0.0003927522163224806
0.0003924858506544467
0.0003924858506544467
0.00039221958391466875
0.00039195341608607684
0.000391687347151518
0.000391687347151518
0.00039142137709388073
0.0003884639325905959
0.00038819959833398293
0.00038819959833398293
0.00038793536262246646
0.0003876712254389073
0.0003876712254389073
0.0003874071867661803
0.00038714324658714627
0.00038687940488467995
0.00038687940488467995
0.0003866156616416631
0.0003863520168409774
0.0003863520168409774
0.00038608847046549076
0.00038315795666884914
0.00038289603861379334
0.00038289603861379334
0.000382634218652084
0.00038237249676661674
0.0003821108729402733
0.0003821108729402733
0.000381849347155887
0.00038158791939637426
0.00038158791939637426
0.00038132658964459604
0.00038106535788342037
0.0003808042240957151
0.0003808042240957151
0.0003779005178290674
0.0003776410048811737
0.0003773815895749467
0.0003773815895749467
0.0003771222718932404
0.0003768630518189161
0.0003768630518189161
0.0003766039293348554
0.0003763449044239474
0.00037608597706905296
0.00037608597706905296
0.00037582714725305417
0.0003755684149588189
0.0003753097801692014
0.000372691393045435
0.0003724342741103869
0.000372177252365285
0.000372177252365285
0.0003719203277929628
0.00037166350037634376
0.00037140677009828225
0.00037140677009828225
0.00037115013694167403
0.00037089360088929005
0.00037089360088929005
0.00037063716192412346
0.0003703808200290006
0.00037012457518678974
0.00036753035929226367
0.00036727562327574706
0.00036702098399742246
0.0003667664414402067
0.0003667664414402067
0.00036651199558694007
0.00036625764642055336
0.00036625764642055336
0.0003660033939238314
0.000365749238079691
0.0003654951788710698
0.0003654951788710698
0.000365241216280718
0.000364987350291601
0.00036216482935159174
0.00036216482935159174
0.0003619125614457683
0.00036166038980930737
0.00036166038980930737
0.00036140831442510506
0.0003611563352760157
0.00036090445234492145
0.00036090445234492145
0.00036065266561473227
0.0003604009750682679
0.0003604009750682679
0.0003601493806884314
0.0003598978824580771
0.00035710166931246924
0.00035710166931246924
0.00035685176168479677
0.0003566019498747901
0.00035635223386532456
0.00035635223386532456
0.0003561026136392893
0.0003558530891795249
0.0003558530891795249
0.00035560366046889986
0.000355354327490338
0.0003551050902267009
0.0003551050902267009
0.0003548559486608013
0.00035208592013296513
0.00035183836168915144
0.00035183836168915144
0.00035159089861129376
0.0003513435308822607
0.0003513435308822607
0.0003510962584849484
0.0003508490814022045
0.0003506019996169114
0.0003506019996169114
0.00035035501311193065
0.0003501081218701724
0.00034986132587444963
0.00034986132587444963
0.0003471173587877301
0.00034687213843348513
0.00034687213843348513
0.0003466270129934945
0.00034638198245061965
0.0003461370467877362
0.0003461370467877362
0.0003458922059877266
0.0003456474600334316
0.0003456474600334316
0.0003454028089077892
0.00034515825259358475
0.00034491379107380485
0.00034491379107380485
0.00034219576225156997
0.00034195286889261315
0.0003417100699961819
0.0003417100699961819
0.0003414673655451658
0.0003412247555224611
0.0003412247555224611
0.00034098223991086714
0.0003407398186933428
0.00034049749185269425
0.00034049749185269425
0.0003402552593718458
0.00034001312123362444
0.0003397710774209752
0.00033732090749930715
0.00033708033004136015
0.00033683984659423874
0.00033683984659423874
0.00033659945714083255
0.00033635916166397555
0.0003361189601465851
0.0003361189601465851
0.00033587885257151606
0.00033563883892163726
0.0003353989191798383
0.0003353989191798383
0.0003351590933289879
0.00033491936135196184
0.00033249257150592623
0.0003322542988547269
0.0003320161197626472
0.000331778034212556
0.000331778034212556
0.0003315400421873429
0.0003313021436698629
0.0003313021436698629
0.0003310643386429987
0.00033082662708963304
0.000330589008992621
0.000330589008992621
0.0003303514843348799
0.0003301140530992163
0.00032747455230776535
0.00032747455230776535
0.00032723866647646856
0.0003270028737354622
0.0003270028737354622
0.00032676717406762213
0.00032653156745581733
0.0003262960538829028
0.0003262960538829028
0.0003260606333317684
0.00032582530578531777
0.0003255900712263921
0.0003255900712263921
0.00032535492963789507
0.000322740867375648
0.000322740867375648
0.00032250726371090536
0.0003222737526846936
0.00032204033427997886
0.00032204033427997886
0.00032180700847959557
0.0003215737752663988
0.0003215737752663988
0.0003213406346232923
0.0003211075865331383
0.00032087463097882655
0.00032087463097882655
0.00032064176794319155
0.00031805302103357077
0.00031782168844111426
0.00031782168844111426
0.000317590448035541
0.00031735929979969936
0.00031735929979969936
0.00031712824371650007
0.00031689727976879836
0.0003166664079394773
0.0003166664079394773
0.0003164356282113782
0.0003162049405674536
0.00031597434499047543
0.00031597434499047543
0.00031341079025691256
0.0003131817176425216
0.0003131817176425216
0.00031295273676331867
0.0003127238476021695
0.00031249505014192255
0.00031249505014192255
0.00031226634436547473
0.0003120377302557162
0.0003118092077954813
0.0003118092077954813
0.00031158077696768116
0.00031135243775517454
0.00031135243775517454
0.0003088139520210861
0.00030858712829056673
0.0003083603958435272
0.0003083603958435272
0.00030813375466280906
0.0003079072047313198
0.0003079072047313198
0.00030768074603193567
0.0003074543785475121
0.00030722810226093235
0.00030722810226093235
0.0003070019171550692
0.00030677582321277466
0.00030654982041697365
0.00030426228330164215
0.00030403769736077845
0.00030381320225167
0.00030381320225167
0.0003035887979572001
0.0003033644844602519
0.0003031402617436915
0.0003031402617436915
0.0003029161297904125
0.0003026920885832705
0.0003024681381051419
0.0003024681381051419
0.0003022442783389169
0.0003020205092674477
0.000299755561074172
0.0002995332018287331
0.0002993109329633847
0.00029908875446096514
0.00029908875446096514
0.000298866666304382
0.00029864466847645977
0.00029864466847645977
0.0002984227609601338
0.00029820094373822855
0.0002979792167936413
0.0002979792167936413
0.0002977575801092485
0.0002975360336679198
0.0002950734186702074
0.0002950734186702074
0.0002948533649544123
0.0002946334011498615
0.0002946334011498615
0.0002944135272394246
0.0002941937432059746
0.00029397404903238814
0.00029397404903238814
0.00029375444470156254
0.0002935349301963501
0.00029331550549961
0.00029331550549961
0.0002930961705942501
0.00029065812486098083
0.00029065812486098083
0.00029044027520057965
0.0002902225149996871
0.00029000484424123883
0.00029000484424123883
0.00028978726290807683
0.0002895697709830881
0.0002893523684491388
0.0002893523684491388
0.0002891350552891022
0.00028891783148586196
0.00028891783148586196
0.0002887006970222773
0.00028628709737698444
0.00028607144067777497
0.00028607144067777497
0.00028585587298641586
0.00028564039428575946
0.00028564039428575946
0.0002854250045587311
0.0002852097037881416
0.00028499449195691287
0.00028499449195691287
0.0002847793690479042
0.0002845643350439889
0.00028434938992804383
0.00028434938992804383
0.00028196011319418665
0.0002817466383620316
0.0002817466383620316
0.00028153325208602435
0.00028131995434903473
0.0002811067451339396
0.0002811067451339396
0.00028089362442363313
0.00028068059220096785
0.00028046764844881717
0.00028046764844881717
0.00028025479315007867
0.00028004202628760847
0.00028004202628760847
0.00027767694928870074
0.0002774656452294478
0.0002772544292746236
0.0002772544292746236
0.0002770433014071538
0.0002768322616098701
0.0002766213098656667
0.0002766213098656667
0.0002764104461574172
0.000276199670468002
0.000276199670468002
0.0002759889827802736
0.00027577838307712993
0.00027556787134144794
0.00027343738263669123
0.0002732282382561729
0.0002730191815284314
0.0002730191815284314
0.00027281021243630543
0.0002726013309627067
0.0002723925370904741
0.0002723925370904741
0.00027218383080250536
0.0002719752120816603
0.0002717666809108368
0.0002717666809108368
0.0002715582372728909
0.0002713498811506998
0.0002692411902144361
0.0002690341944185603
0.00026882728582373037
0.000268620464412851
0.000268620464412851
0.0002684137301687681
0.0002682070830744004
0.000268000523112573
0.000268000523112573
0.0002677940502661873
0.00026758766451812034
0.00026758766451812034
0.000267381365851239
0.0002671751542484308
0.00026488329069291727
0.00026488329069291727
0.0002646785191369031
0.0002644738343131407
0.0002644738343131407
0.00026426923620447273
0.0002640647247938214
0.00026386030006402927
0.00026386030006402927
0.0002636559619979874
0.0002634517105785661
0.00026324754578864256
0.00026324754578864256
0.00026304346761108367
0.00026077530405576183
0.00026077530405576183
0.00026057265844443866
0.00026037009911366606
0.00026016762604631787
0.00026016762604631787
0.000259965239225268
0.00025976293863341093
0.0002595607242535859
0.0002595607242535859
0.00025935859606872574
0.0002591565540616314
0.0002591565540616314
0.0002589545982152254
0.0002567100114836458
0.0002565094807229086
0.0002565094807229086
0.00025630903579102176
0.00025610867667087635
0.00025590840334534985
0.00025590840334534985
0.00025570821579730234
0.00025550811400961457
0.00025550811400961457
0.0002553080979651745
0.00025510816764683856
0.00025490832303749474
0.00025490832303749474
0.0002526871899532174
0.000252488762948967
0.000252488762948967
0.0002522904213218953
0.0002520921650548519
0.0002518939941307489
0.0002518939941307489
0.0002516959085324223
0.0002514979082427842
0.0002512999932446809
0.0002512999932446809
0.00025110216352100035
0.00025090441905462697
0.00025090441905462697
0.0002487066164412418
0.0002485102820993918
0.00024831403268302883
0.00024831403268302883
0.00024811786817500623
0.00024792178855824313
0.0002477257938155721
0.0002477257938155721
0.00024752988392988797
0.00024733405888404753
0.00024733405888404753
0.00024713831866095964
0.00024694266324346725
0.00024674709261447573
0.000244768067924532
0.0002445738151510225
0.0002443796468512852
0.0002441855630082254
0.0002441855630082254
0.0002439915636047139
0.00024379764862361448
0.00024379764862361448
0.00024360381804781523
0.00024341007186019035
0.0002432164100436002
0.0002432164100436002
0.00024302283258092946
0.0002428293394550766
0.00024087132138004574
0.0002406791390807915
0.00024048704080363014
0.00024029502653146023
0.00024029502653146023
0.00024010309624714562
0.00023991124993355715
0.000239719487573583
0.000239719487573583
0.0002395278091500905
0.00023933621464595405
0.00023933621464595405
0.00023914470404404444
0.0002389532773272534
0.00023682603086573785
0.00023682603086573785
0.0002366359915171052
0.0002364460357217649
0.00023625616346259826
0.00023625616346259826
0.00023606637472245193
0.0002358766694842489
0.0002358766694842489
0.00023568704773082536
0.0002354975094450939
0.00023530805460990814
0.00023530805460990814
0.0002351186832081321
0.00023301426748301764
0.00023301426748301764
0.00023282627596884792
0.00023263836755628282
0.00023245054222821416
0.00023245054222821416
0.00023226279996748172
0.00023207514075700855
0.000231887564579631
0.000231887564579631
0.00023170007141825477
0.00023151266125572318
0.00023151266125572318
0.000231325334074942
0.00022924362590983472
0.0002290576711360819
0.0002290576711360819
0.0002288717990122781
0.00022868600952125276
0.00022850030264590478
0.00022850030264590478
0.00022831467836911565
0.00022812913667374612
0.00022812913667374612
0.00022794367754267424
0.00022775830095879887
0.00022757300690497733
0.00022757300690497733
0.00022551388312348227
0.00022532995399614767
0.00022514610706704502
0.00022514610706704502
0.00022496234231905585
0.0002247786597350618
0.0002247786597350618
0.000224595059297941
0.00022441154099055776
0.00022422810479578325
0.00022422810479578325
0.00022404475069651302
0.00022386147867561136
0.00022386147867561136
0.00022182481610140523
0.0002216429015264475
0.00022146106869804367
0.00022146106869804367
0.000221279317599065
0.00022109764821241404
0.00022091606052092736
0.00022091606052092736
0.000220734554507511
0.00022055313015501886
0.00022055313015501886
0.0002203717874463501
0.00022019052636436905
0.00022000934689195403
0.00021817620182107888
0.00021799629070449366
0.00021781646088277136
0.0002176367123388146
0.0002176367123388146
0.0002174570450554774
0.00021727745901563113
0.00021727745901563113
0.00021709795420216804
0.00021691853059796647
0.0002167391881858909
0.0002167391881858909
0.00021655992694883007
0.00021638074686964503
0.0002145678172601095
0.00021438989850788091
0.00021421206059886336
0.00021403430351590402
0.00021403430351590402
0.00021385662724188482
0.0002136790317597015
0.00021350151705219433
0.00021350151705219433
0.00021332408310227298
0.00021314672989279507
0.00021314672989279507
0.000212969457406646
0.00021279226562671814
0.00021082350191433145
0.00021082350191433145
0.00021064764482399908
0.00021047186810805674
0.00021029617174937252
0.00021029617174937252
0.00021012055573083537
0.0002099450200353099
0.0002099450200353099
0.00020976956464568853
0.00020959418954483248
0.0002094188947156272
0.0002094188947156272
0.00020924368014093743
0.0002072968779016048
0.00020712299053598897
0.00020712299053598897
0.0002069491830930751
0.00020677545555575214
0.00020677545555575214
0.0002066018079068918
0.0002064282401293623
0.00020625475220605957
0.00020625475220605957
0.00020608134411984495
0.00020590801585359706
0.00020590801585359706
0.000205734767390198
0.00020380980344759494
0.0002036378747127328
0.0002036378747127328
0.0002034660254488785
0.00020329425563893506
0.0002031225652657811
0.0002031225652657811
0.00020295095431228843
0.00020277942276132187
0.00020277942276132187
0.00020260797059578099
0.0002024365977985272
0.0002022653043524357
0.0002022653043524357
0.0002003620555302851
0.00020019207433217458
0.00020002217215342726
0.00020002217215342726
0.0001998523489769185
0.00019968260478549587
0.00019968260478549587
0.0001995129395620763
0.0001993433532895109
0.00019917384595067496
0.00019917384595067496
0.0001990044175284647
0.00019883506800574163
0.000198665797365388
0.00019695341112770632
0.00019678536637242737
0.0001966174001848333
0.0001966174001848333
0.00019644951254779255
0.0001962817034441771
0.00019611397285686235
0.00019611397285686235
0.0001959463207687411
0.0001957787471626714
0.0001957787471626714
0.0001956112520215461
0.0001954438353282476
0.00019527649706562708
0.00019358364721805524
0.00019341752781166247
0.00019325148652126674
0.00019308552332974698
0.00019308552332974698
0.00019291963821998568
0.0001927538311748514
0.0001927538311748514
0.00019258810217723352
0.00019242245121000066
0.00019225687825602143
0.00019225687825602143
0.00019209138329819218
0.0001919259663193781
0.00019008833562811266
0.00019008833562811266
0.000189924208140987
0.00018976015830106093
0.00018976015830106093
0.00018959618609122044
0.00018943229149433072
0.00018926847449327782
0.00018926847449327782
0.00018910473507094777
0.00018894107321019537
0.00018894107321019537
0.00018877748889391366
0.00018861398210497825
0.00018679756680016078
0.00018679756680016078
0.00018663534202237065
0.00018647319444011498
0.00018631112403626952
0.00018631112403626952
0.00018614913079370818
0.00018598721469531714
0.00018598721469531714
0.00018582537572394952
0.00018566361386249496
0.00018550192909384827
0.00018550192909384827
0.0001853403214008696
0.0001835449983062374
0.00018338466514388
0.00018338466514388
0.00018322440872537733
0.0001830642290336104
0.0001830642290336104
0.0001829041260514584
0.000182744099761792
0.00018258415014749737
0.00018258415014749737
0.00018242427719143998
0.000182264480876513
0.00018210476118558358
0.00018210476118558358
0.00018033040712487974
0.00018017195448403908
0.00018017195448403908
0.0001800135781353847
0.0001798552780617977
0.00017969705424614876
0.00017969705424614876
0.00017953890667131897
0.00017938083532017903
0.00017938083532017903
0.00017922284017562223
0.0001790649212205141
0.00017890707843773053
0.00017890707843773053
0.00017715357023472656
0.00017699698702151322
0.00017684047964880824
0.00017684047964880824
0.000176684048099505