3.334928957562384312e+04
3.327845868970606534e+04
3.315673789640908217e+04
3.302323850857333309e+04
3.287992740915011382e+04
3.272861256596386011e+04
3.257093400133568866e+04
3.240837200014238260e+04
3.224224196839486831e+04
3.207370064427404941e+04
3.190374173056185828e+04
3.173319875539556597e+04
3.156274666337115923e+04
3.139285876261848898e+04
3.122393742554406344e+04
3.105618502405555046e+04
3.088964823122583766e+04
3.072422174019103841e+04
3.055970044796558795e+04
3.039586510258301860e+04
3.023251503585520913e+04
3.006946926612425523e+04
2.990656610057230137e+04
2.974366413564290997e+04
2.958059835372995440e+04
2.941730558891423425e+04
2.925370070641280108e+04
2.908971771523510688e+04
2.892530921885865246e+04
2.876044683790477211e+04
2.859512154754225048e+04
2.842934219362209478e+04
2.826313482017596834e+04
2.809654487446100393e+04
2.792963036600338819e+04
2.776240854816000501e+04
2.759497954861619655e+04
2.742739746775111053e+04
2.725971177322426593e+04
2.709196707161722225e+04
2.692420532515943341e+04
2.675646471820125953e+04
2.658877978500501558e+04
2.642118135555333720e+04
2.625365407338892692e+04
2.608626502505236567e+04
2.591903313639030966e+04
2.575197470630431053e+04
2.558510247928164245e+04
2.541842558824890875e+04
2.525194965881797543e+04
2.508567773429747467e+04
2.491960838812144721e+04
2.475373564329930014e+04
2.458805109395871114e+04
2.442250007385620847e+04
2.425711355664924849e+04
2.409187967067006684e+04
2.392678820275634280e+04
2.376182863970469043e+04
2.359699013382642443e+04
2.343226351842871736e+04
2.326764029461829341e+04
2.310311262948207150e+04
2.293867335995959002e+04
2.277431697366825392e+04
2.260999432462900586e+04
2.244574251651718077e+04
2.228155699565909163e+04
2.211743387765157968e+04
2.195336989977720805e+04
2.178936246595841294e+04
2.162541059322851288e+04
2.146151296044641640e+04
2.129766784932994779e+04
2.113387519979661374e+04
2.097013554867679341e+04
2.080640663384229993e+04
2.064273368410037438e+04
2.047912009893105278e+04
2.031556891333294334e+04
2.015208269018468854e+04
1.998866524862867300e+04
1.982532029201077603e+04
1.966205138878940852e+04
1.949886193843613364e+04
1.933575620803197671e+04
1.917273729606501729e+04
1.900976361075199384e+04
1.884688149887113104e+04
1.868409361318594165e+04
1.852140246522908274e+04
1.835881041357055074e+04
1.819632067956117680e+04
1.803393533026567457e+04
1.787165528429747792e+04
1.770948232005455066e+04
1.754741807218391114e+04
1.738546403311376343e+04
1.722357799459356465e+04
1.706180572755695175e+04
1.690014830074769634e+04
1.673860563391176402e+04
1.657717851665316630e+04
1.641586759522289503e+04
1.625467338267850209e+04
1.609359624950775105e+04
1.593263743959490967e+04
1.577179705042824935e+04
1.561107404522382785e+04
1.545042472262918818e+04
1.528989230663041599e+04
1.512947636548514856e+04
1.496917643320806383e+04
1.480899309299396191e+04
1.464892594774630197e+04
1.448897362931582757e+04
1.432913579825291527e+04
1.416941214758670685e+04
1.400980239469822118e+04
1.385030628884953330e+04
1.369088110171581502e+04
1.353157014395511942e+04
1.337237224403377695e+04
1.321328725873795338e+04
1.305431507551445975e+04
1.289545560589046363e+04
1.273670879166856685e+04
1.257807560216132697e+04
1.241955603287582562e+04
1.226110560774272744e+04
1.210276786712312241e+04
1.194454288638638172e+04
1.178643076399581696e+04
1.162843162781983119e+04
1.147054663179510317e+04
1.131277595563795694e+04
1.115511879780704476e+04
1.099757538957523866e+04
1.084014598389843013e+04
1.068283086296089823e+04
1.052558685871371927e+04
1.036845877813206971e+04
1.021144697874955091e+04
1.005455083507243398e+04
9.897770754377830599e+03
9.741107163611868600e+03
9.584560516161036503e+03
9.428131264487190492e+03
9.271820861400898139e+03
9.115629742404362332e+03
8.959557338502363564e+03
8.803560628970619291e+03
8.647683471038308198e+03
8.491926274332989124e+03
8.336289433012487279e+03
8.180774342754160898e+03
8.025381381060058629e+03
7.870109923422758584e+03
7.714960331348705949e+03
7.559932966835080151e+03
7.405028175301715237e+03
7.250246303153486224e+03
7.095545287436234503e+03
6.940968852644815343e+03
6.786516320593404089e+03
6.632187997259381518e+03
6.477984190768613189e+03
6.323905191554549674e+03
6.169951292637077131e+03
6.016123769541100046e+03
5.862422900114012009e+03
5.708847943397129711e+03
5.555399162611225620e+03
5.402033466342338215e+03
5.248794439260585932e+03
5.095682322677985212e+03
4.942698338637666893e+03
4.789842713746125810e+03
4.637114655887427944e+03
4.484514377532519575e+03
4.332042071891493833e+03
4.179697937221706525e+03
4.027482152335367573e+03
3.875395900009814795e+03
3.723396086760505568e+03
3.571525196151484124e+03
3.419783427649777877e+03
3.268170938097391627e+03
3.116687897982941649e+03
2.965334465163599816e+03
2.814111808901925542e+03
2.663020087725777557e+03
2.512058476771224377e+03
2.361227135849345359e+03
2.210526239062808600e+03
2.059912752062500658e+03
1.909430045214416168e+03
1.759079290843288618e+03
1.608860650798189454e+03
1.458773305423146667e+03
1.308817417776084767e+03
1.158993165984618827e+03
1.009300713964603347e+03
8.597402409287315095e+02
7.103129067922636750e+02
5.610188915730686858e+02
4.118142515673534945e+02
2.627422818465929595e+02
1.138031642995993025e+02
-3.500293428418081021e+01
-1.836758310061268276e+02
-3.322143644112802576e+02
-4.806183508810572675e+02
-6.288886164126306539e+02
-7.770249761550585390e+02
-9.250703028952339082e+02
-1.072981369079090655e+03
-1.220757988381541509e+03
-1.368398998162825592e+03
-1.515904211462446256e+03
-1.663274450540477119e+03
-1.810509527267335216e+03
-1.957609270327266131e+03
-2.104573490718488756e+03
-2.251402016524189094e+03
-2.398093666694192507e+03
-2.544691215792408912e+03
-2.691152545677963644e+03
-2.837477495989987801e+03
-2.983665897909602791e+03
-3.129717563428486756e+03
-3.275632324152080400e+03
-3.421409004785535217e+03
-3.567047440016132896e+03
-3.712548436743920320e+03
-3.857911831958364928e+03
-4.003137444945641619e+03
-4.148267959393218916e+03
-4.293260352957076975e+03
-4.438113460264263267e+03
-4.582827125269875978e+03
-4.727402161679754499e+03
-4.871838415684156644e+03
-5.016135714853466197e+03
-5.160293907988037972e+03
-5.304312825010689266e+03
-5.448191330816669506e+03
-5.591929257988209429e+03
-5.735570180990449444e+03
-5.879071200824735570e+03
-6.022432153175112035e+03
-6.165652895793893549e+03
-6.308733266668707074e+03
-6.451672141271388682e+03
-6.594469360210321611e+03
-6.737125771535909735e+03
-6.879641217803873587e+03
-7.022015564338944387e+03
-7.164248655958544987e+03
-7.306382976302731549e+03
-7.448374773541341710e+03
-7.590223896140756551e+03
6.230242934941715794e+04
6.216086401581098471e+04
6.201944077760128857e+04
6.187815978221860860e+04
6.173702115330313973e+04
6.159602601734347263e+04
6.145517449512265739e+04
6.131446574807490833e+04
6.117385740413406893e+04
6.103339209504378960e+04
6.089306995439380262e+04
6.075289108677964396e+04
6.061285660524491686e+04
6.047296662336589361e+04
6.033322029856063455e+04
6.019361774352512293e+04
6.005415909431835462e+04
5.991484446231676702e+04
5.977567398248325480e+04
5.963660638305581233e+04
5.949768415671154071e+04
5.935890645901692915e+04
5.922027339811255661e+04
5.908178510628212098e+04
5.894344169035497180e+04
5.880524328152538510e+04
5.866719096066745260e+04
5.852928485750989057e+04
5.839152410044848511e+04
5.825390881850186997e+04
5.811639689370051201e+04
5.797903067485634529e+04
5.784181028941800469e+04
5.770473681168511393e+04
5.756781036763835436e+04
5.743103008322704409e+04
5.729439608373757073e+04
5.715790846758403495e+04
5.702156735897592444e+04
5.688533172390019172e+04
5.674924378778827668e+04
5.661330270125235984e+04
5.647750855952940037e+04
5.634186148419659003e+04
5.620636156920361100e+04
5.607100893505745626e+04
5.593580464380258491e+04
5.580074881447388907e+04
5.566584056858296390e+04
5.553108002449971536e+04
5.539642531991242868e+04
5.526191852453808679e+04
5.512755975520434004e+04
5.499335006728945154e+04
5.485928957614680257e+04
5.472537740109912556e+04
5.459161365685042983e+04
5.445799842909004656e+04
5.432453183496084966e+04
5.419121396351046133e+04
5.405804589323047549e+04
5.392498591101180500e+04
5.379207495840229240e+04
5.365931314610147820e+04
5.352670055496561690e+04
5.339423729447768710e+04
5.326192344406909979e+04
5.312976007449159079e+04
5.299774726323920186e+04
5.286588415446036379e+04
5.273417082474787458e+04
5.260260737995587988e+04
5.247115226289848943e+04
5.233984721059638105e+04
5.220869328721819329e+04
5.207769056536319113e+04
5.194683818743886513e+04
5.181613622516787291e+04
5.168558478026675584e+04
5.155518392306282476e+04
5.142493375408493739e+04
5.129483529976820137e+04
5.116488865901011741e+04
5.103505147850447247e+04
5.090536531923568691e+04
5.077583027882877650e+04
5.064644642281111010e+04
5.051721384763330570e+04
5.038813357241119229e+04
5.025920569196893484e+04
5.013042931357964699e+04
5.000180453135436983e+04
4.987333140670576540e+04
4.974501003258200217e+04
4.961679918183169502e+04
4.948874118581792573e+04
4.936083613533730386e+04
4.923308313553160406e+04
4.910548227650583431e+04
4.897803361497340666e+04
4.885073723988958227e+04
4.872359320662153914e+04
4.859660255270192283e+04
4.846976533159567771e+04
4.834308067977297469e+04
4.821650754447309009e+04
4.809008711666874296e+04
4.796381948136764549e+04
4.783770470845547243e+04
4.771174384894340619e+04
4.758593695272222249e+04
4.746028315534845024e+04
4.733478250531844242e+04
4.720943508482763718e+04
4.708419998906880937e+04
4.695911825162808236e+04
4.683419089771795552e+04
4.670941797267237416e+04
4.658479861184243782e+04
4.646033286008510186e+04
4.633602079663837503e+04
4.621186246530808421e+04
4.608785794447525404e+04
4.596400821824658487e+04
4.584031336364950403e+04
4.571673172090166190e+04
4.559330412622002041e+04
4.547003065589149628e+04
4.534691135009571008e+04
4.522394628426450072e+04
4.510113643600983050e+04
4.497848187940390926e+04
4.485598171345828450e+04
4.473363601189418841e+04
4.461144481175002875e+04
4.448940818589377886e+04
4.436748560921332682e+04
4.424571865038370743e+04
4.412410738052876695e+04
4.400265089796840039e+04
4.388134927348546626e+04
4.376020254051221855e+04
4.363921076898030879e+04
4.351837399128083052e+04
4.339769320906871144e+04
4.327716845308463235e+04
4.315679885846367688e+04
4.303654409872291581e+04
4.291644459803406789e+04
4.279650042339959327e+04
4.267671160361888178e+04
4.255707913438647665e+04
4.243760304284664744e+04
4.231828246423522069e+04
4.219911742527637398e+04
4.208010799042708823e+04
4.196125418537665246e+04
4.184255607373562816e+04
4.172397445977192547e+04
4.160554953812493477e+04
4.148728042497388378e+04
4.136916713868915394e+04
4.125120974095803103e+04
4.113340825413272978e+04
4.101576273916372884e+04
4.089827414070634404e+04
4.078094251842962694e+04
4.066376696897498914e+04
4.054674755181517685e+04
4.042984435521764681e+04
4.031309736922521552e+04
4.019650665224884142e+04
4.008007314256053360e+04
3.996379689727986261e+04
3.984767701303512149e+04
3.973171354675506154e+04
3.961590651481954410e+04
3.950025597341642424e+04
3.938476193799876637e+04
3.926942538080809754e+04
3.915420660557700467e+04
3.903914445979796437e+04
3.892423899784826062e+04
3.880949023290633340e+04
3.869489821860658412e+04
3.858046296719938255e+04
3.846618544507617480e+04
3.835206566290150658e+04
3.823810275875379011e+04
3.812429674302406056e+04
3.801064766711271659e+04
3.789711605701580993e+04
3.778374144685480860e+04
3.767052479711215710e+04
3.755746611523670435e+04
3.744456454008199216e+04
3.733182007883011829e+04
3.721923278031576774e+04
3.710680265079108358e+04
3.699452973834407749e+04
3.688237566120865813e+04
3.677037975989581901e+04
3.665854117408012098e+04
3.654685990773134108e+04
3.643533600711243344e+04
3.632396947526246367e+04
3.621276035769612645e+04
3.610170955973540549e+04
3.599081712555646664e+04
3.588008215244082385e+04
3.576950468440327677e+04
3.565904567717186001e+04
3.554874424950785760e+04
3.543860045053016802e+04
3.532861517911098781e+04
3.521878847729362315e+04
3.510911944320832845e+04
3.499960811904264847e+04
3.489025450268908753e+04
3.478105863587949716e+04
3.467202051586619928e+04
3.456314108007524919e+04
3.445438151000811195e+04
3.434577976412167482e+04
3.423733588303369470e+04
3.412904986242008454e+04
3.402092174242816691e+04
3.391295151807837829e+04
3.380514012158980768e+04
3.369748754661869316e+04
3.358999293919894262e+04
3.348265629302474554e+04
3.337547764680531691e+04
3.326841842715800158e+04
3.316151723871366994e+04
3.305477500838233391e+04
3.294819172751338920e+04
3.284176654412905918e+04
3.273549944960979337e+04
3.262939048098697094e+04
3.252343962895819277e+04
3.241764693005393201e+04
3.231201325936826470e+04
3.220653865229878284e+04
3.210118389960189234e+04
3.199598734955118562e+04
3.189094903745168995e+04
3.178606895162281580e+04
3.168134712685503473e+04
3.157678443208643876e+04
3.147238090095341613e+04
3.136813563832108048e+04
3.126404867793705489e+04
3.116012000600379542e+04
3.105634965574285889e+04
3.095269955902079528e+04
3.084920867965635261e+04
3.074587704947793100e+04
3.064270377470494714e+04
3.053968888727154990e+04
3.043683237091288902e+04
3.033413425702405220e+04
3.023159452861417958e+04
3.012921408432968019e+04
3.002699288785069075e+04
2.992493008329502482e+04
2.982298786372314498e+04
2.972120404825579317e+04
2.961957866709223890e+04
2.951811170158977620e+04
2.941680405144031101e+04
2.931565569683435024e+04
2.921466579713509418e+04
2.911383433285658248e+04
2.901316133349563461e+04
2.891264677913293417e+04
2.881229069901576440e+04
2.871205641984699469e+04
2.861198148854124884e+04
2.851206506758954492e+04
2.841230713599710725e+04
2.831270772239792859e+04
2.821326680533451145e+04
2.811398441316375101e+04
2.801486138558771927e+04
2.791589775000471855e+04
2.781705532833709731e+04
2.771837144163357152e+04
2.761984611757005041e+04
2.752147933304982143e+04
2.742327111544474610e+04
2.732522229871108721e+04
2.722733290922743618e+04
2.712960206456150627e+04
2.703202979145210702e+04
2.693461606527717959e+04
2.683736091244874115e+04
2.674022729518120468e+04
2.664325310561241349e+04
2.654643836900907627e+04
2.644978220526981750e+04
2.635328464000340318e+04
2.625694564676686423e+04
2.616076525081628643e+04
2.606474342515777971e+04
2.596888104392046807e+04
2.587317807876109146e+04
2.577763370427682821e+04
2.568221116629008611e+04
2.558694721500940796e+04
2.549184187444597774e+04
2.539689511566406873e+04
2.530210780728039390e+04
2.520747991897531028e+04
2.511301062828519207e+04
2.501869990955453250e+04
2.492454780316575489e+04
2.483055429161644133e+04
2.473671939777651278e+04
2.464300749812947470e+04
2.454945504842999799e+04
2.445606123037803627e+04
2.436282601325400174e+04
2.426974942026802455e+04
2.417683142059830425e+04
2.408407203754658985e+04
2.399147207641351270e+04
2.389903155985556077e+04
2.380674961974209873e+04
2.371462627951240574e+04
2.362262537312666245e+04
2.353078305888787145e+04
2.343909936035409919e+04
2.334757507792582328e+04
2.325621023445765604e+04
2.316500396568643919e+04
2.307395629520852526e+04
2.298306719120740308e+04
2.289233667727865395e+04
2.280176472138868121e+04
2.271135217447036121e+04
2.262106317358641536e+04
2.253093274403494433e+04
2.244096090939936403e+04
2.235114763708876853e+04
2.226149295063757745e+04
2.217199764075204439e+04
2.208266173015703680e+04
2.199348436130190385e+04
2.190446555757983879e+04
2.181560528554758639e+04
2.172690356850864191e+04
2.163832485415463452e+04
2.154990550321975024e+04
2.146164553814644751e+04
2.137354410490686132e+04
2.128560122657388274e+04
2.119781686860125046e+04
2.111019105392583879e+04
2.102272374763980042e+04
2.093541578686532739e+04
2.084826713546033716e+04
2.076127700095000910e+04
2.067441014704920235e+04
2.058770179681557056e+04
2.050115197266019823e+04
2.041476063757939846e+04
2.032852860633376986e+04
2.024245582537645532e+04
2.015654150704779022e+04
2.007078561546250421e+04
1.998518817401974229e+04
1.989971421160481987e+04
1.981439868790168839e+04
1.972924243216647301e+04
1.964424540869415796e+04
1.955940683684023679e+04
1.947472668212525605e+04
1.939020497011425323e+04
1.930584166665180237e+04
1.922163679784905980e+04
1.913759112977488257e+04
1.905370468826920842e+04
1.896994203346586437e+04
1.888633779795152077e+04
1.880289200915077527e+04
1.871960463388575590e+04
1.863647570004031877e+04
1.855350596966424200e+04
1.847069547027378576e+04
1.838804337314705481e+04
1.830554970700977719e+04
1.822321443920966703e+04
1.814103759885815089e+04
1.805898488536820514e+04
1.797709138632344548e+04
1.789535713061949355e+04
1.781378129496658221e+04
1.773236390939573175e+04
1.765110494163392286e+04
1.757000442201422993e+04
1.748906231829703029e+04
1.740827944610216946e+04
1.732765577228069014e+04
1.724719054186623544e+04
1.716684979968576226e+04
1.708666749975485436e+04
1.700664367334100825e+04
1.692677828818481066e+04
1.684707215564162470e+04
1.676752524244459346e+04
1.668813679950643564e+04
1.660890679438092047e+04
1.652983525885459676e+04
1.645092216035246383e+04
1.637216753078937472e+04
1.629353854126810620e+04
1.621506878916773712e+04
1.613675752878561616e+04
1.605860472832318919e+04
1.598061042174905015e+04
1.590277457831187348e+04
1.582509723328358086e+04
1.574757912624809251e+04
1.567022029288299382e+04
1.559301993410811701e+04
1.551597808767294919e+04
1.543906151709512051e+04
1.536230346989698592e+04
1.528570398565284268e+04
1.520926380181396962e+04
1.513298295820411295e+04
1.505686066414261586e+04
1.498089696139338776e+04
1.490509182497448637e+04
1.482944529768510256e+04
1.475395735525400960e+04
1.467862880002442398e+04
1.460342676901626692e+04
1.452838338594914239e+04
1.445349869610893074e+04
1.437877267688544816e+04
1.430420537446024537e+04
1.422979676678284886e+04
1.415554765391770343e+04
1.408145801334414864e+04
1.400752713899535593e+04
1.393372248122727615e+04
1.386007661724968057e+04
1.378658959614711057e+04
1.371326139757182682e+04
1.364009281874216686e+04
1.356708383868045348e+04
1.349423375955210940e+04
1.342154256170488952e+04
1.334901029626525997e+04
1.327663694386875432e+04
1.320442255624737300e+04
1.313233571506645239e+04
1.306040861253513140e+04
1.298864055868159630e+04
1.291703153476520674e+04
1.284558159395019175e+04
1.277429071764269611e+04
1.270315896294520644e+04
1.263218705564702395e+04
1.256137505490586045e+04
1.249072220814491448e+04
1.242022857394540915e+04
1.234986239666368056e+04
1.227965548073584796e+04
1.220960788951297582e+04
1.213972034411772620e+04
1.206999290996871423e+04
1.200042484993721882e+04
1.193101623332076997e+04
1.186176705643515743e+04
1.179267739143084327e+04
1.172374723703897325e+04
1.165497739206586266e+04
1.158633652333698410e+04
1.151785531678960251e+04
1.144953385145310313e+04
1.138137213181308471e+04
1.131337023947271518e+04
1.124552818102909077e+04
1.117784675833191432e+04
1.111032597892763442e+04
1.104296521059364022e+04
1.097576446388759359e+04
1.090872382765586372e+04
1.084181240309312125e+04
1.077506119252378994e+04
1.070847099976583559e+04
1.064204183887729596e+04
1.057577309182519093e+04
1.050966477540353662e+04
1.044371698614329216e+04
1.037792974240286276e+04
1.031230314270663075e+04
1.024683791191394266e+04
1.018153414944832912e+04
1.011636069491664239e+04
1.005134812609846995e+04
9.986496546289490652e+03
9.921805978797070566e+03
9.857276528649686952e+03
9.792908918853470823e+03
9.728703255057393108e+03
9.664658864862416522e+03
9.600775877646781737e+03
9.537054340168964700e+03
9.473494364096433856e+03
9.410065955117854173e+03
9.346799945663326071e+03
9.283696452305637649e+03
9.220754817842069315e+03
9.157975163646449801e+03
9.095357528645487037e+03
9.032902037845880841e+03
8.970608733196640969e+03
8.908478428237882326e+03
8.846511166642070748e+03
8.784706394242937677e+03
8.723034600477345521e+03
8.661525478748968453e+03
8.600179166032408830e+03
8.538995714033007971e+03
8.477975940890130005e+03
8.417119899587443797e+03
8.356427054108324228e+03
8.295897460987194791e+03
8.235531266255275114e+03
8.175299365508763003e+03
8.115231070759909926e+03
8.055327203244116390e+03
7.995587823810579721e+03
7.936012413438860676e+03
7.876601036144973477e+03
7.817353847455146024e+03
7.758270913220054354e+03
7.699352391396721941e+03
7.640599013014129014e+03
7.582010937197745079e+03
7.523558905455982313e+03
7.465271743241930380e+03
7.407149614292779006e+03
7.349192590147897135e+03
7.291400836611879640e+03
7.233775082490188652e+03
7.176315494367678184e+03
7.119021489111022674e+03
7.061893216989497887e+03
7.004930728913968778e+03
6.948134197336999932e+03
6.891475571510847658e+03
6.834983837425839738e+03
6.778659196907698060e+03
6.722501113756254199e+03
6.666509805806155782e+03
6.610685400195376133e+03
6.555028129216210800e+03
6.499538133441397804e+03
6.444216299561958294e+03
6.389062779868923826e+03
6.334077193000208354e+03
6.279232106719573494e+03
6.224555393162314431e+03
6.170047332754664239e+03
6.115708110372172086e+03
6.061538651465059957e+03
6.007539151296325144e+03
5.953709282438096125e+03
5.900049252919052378e+03
5.846559380948398029e+03
5.793239885590824997e+03
5.740091096989810467e+03
5.687086842750853975e+03
5.634254488946011406e+03
5.581593758346047252e+03
5.529104896310163895e+03
5.476788261666326434e+03
5.424644109566404950e+03
5.372672809640833293e+03
5.320875241197150899e+03
5.269251782970241038e+03
5.217802092455676757e+03
5.166526559915335383e+03
5.115399049152329098e+03
5.064446378888911568e+03
5.013668954365246464e+03
4.963067675378144486e+03
4.912642951840956812e+03
4.862394472782601952e+03
4.812322649894849746e+03
4.762427776777476538e+03
4.712710263724118704e+03
4.663170401541967294e+03
4.613809195052730502e+03
4.564601157937591779e+03
4.515571872485816129e+03
4.466721745340677444e+03
4.418051060150712146e+03
4.369560221782157896e+03
4.321249510694266064e+03
4.273119915998584474e+03
4.225171713228774024e+03
4.177404715705692070e+03
4.129819197162738419e+03
4.082415556485284469e+03
4.035168978000714560e+03
3.988104944284292287e+03
3.941224427067500073e+03
3.894527689750859281e+03
3.848014548448132700e+03
3.801685264438798185e+03
3.755540228805024526e+03
3.709579698936460773e+03
3.663804063365038019e+03
3.618189647661594790e+03
3.572761328949709423e+03
3.527518925296462839e+03
3.482462684251193423e+03
3.437592987874275423e+03
3.392910079468550975e+03
3.348414338202579529e+03
3.304106569159819628e+03
3.259987187183418428e+03
3.216055957014206797e+03
3.172313399720602320e+03
3.128736227792585851e+03
3.085348815552424639e+03
3.042151869935463765e+03
2.999146555668339715e+03
2.956333698190865107e+03
2.913713491997448727e+03
2.871286881931999233e+03
2.829054720397369238e+03
2.787018067255397909e+03
2.745177885632016114e+03
2.703535877981266822e+03
2.662070212735154200e+03
2.620804540424171137e+03
2.579740197952691233e+03
2.538878413648271817e+03
2.498220630441384856e+03
2.457768696486775298e+03
2.417524156148821930e+03
2.377487915470919688e+03
2.337661621758597903e+03
2.298046797405826510e+03
2.258645188149224850e+03
2.219436445115585229e+03
2.180444878459864412e+03
2.141672375922367792e+03
2.103120180238867761e+03
2.064790273576247273e+03
2.026684471589222085e+03
1.988804730346295401e+03
1.951152682099869708e+03
1.913730500999823562e+03
1.876539524868203443e+03
1.839580662849868531e+03
1.802834087233466562e+03
1.766321801624202635e+03
1.730044790774540161e+03
1.694003692208687426e+03
1.658199691611429444e+03
1.622633152745431289e+03
1.587304048559453804e+03
1.552212480188230984e+03
1.517358634655625792e+03
1.482742353710520547e+03
1.448363569014822133e+03
1.414202622961995075e+03
1.380278894820148707e+03
1.346591485722397920e+03
1.313139614199448260e+03
1.279922596085627447e+03
1.246939410540580866e+03
1.214189135987253394e+03
1.181670954928238643e+03
1.149383710917827557e+03
1.117325530169226113e+03
1.085495549993123859e+03
1.053875055248150602e+03
1.022483580387444817e+03
9.913231482801493257e+02
9.603969698859582422e+02
9.297090328396297991e+02
8.992636415876186220e+02
8.690667107017216040e+02
8.391248546871502185e+02
8.094458696164510911e+02
7.800382105148164555e+02
7.509119111905019963e+02
7.220600881419522921e+02
6.935108991783490637e+02
6.652766661212808685e+02
6.373702487474074587e+02
6.098057039117702516e+02
5.825975703181175049e+02
5.557619685586687410e+02
5.293150654791679699e+02
5.032738407576980535e+02
4.776392553255136590e+02
4.524404019097855780e+02
4.276867935990303522e+02
4.033832376062491676e+02
3.795312080355361104e+02
3.561272222753032111e+02
3.331638983302982524e+02
3.106296781735291006e+02
2.885095118047029246e+02
2.667839606912602903e+02
2.454301499459252227e+02
2.244084482246544212e+02
2.037011382523342036e+02
1.832736238368233899e+02
1.630876118891173974e+02
1.431015595456701703e+02
1.232775531093793688e+02
1.035991475032060407e+02
8.408219930746417958e+01
6.477504159326781519e+01
4.575768805394181982e+01
2.714256979487254284e+01
9.061969495567609556e+00
-8.297970358165912330e+00
-2.473130319305346347e+01
-4.000272804539417848e+01
-5.384585433246684261e+01
-6.596676905770436861e+01
-7.604003643061150797e+01
-8.371401783742476255e+01
-8.860567721881670877e+01
-9.030747857896494679e+01
