-1.024855862135950156e+05
-1.023322286489756370e+05
-1.020958294596756314e+05
-1.018675059082247026e+05
-1.016459582569938793e+05
-1.014299932547870267e+05
-1.012185284167030040e+05
-1.010105864961618354e+05
-1.008052988567466964e+05
-1.006019031242155179e+05
-1.003997425381349312e+05
-1.001982639623028372e+05
-9.999702063357457519e+04
-9.979561867026900291e+04
-9.959387078484724043e+04
-9.939164154270368454e+04
-9.918889987878968532e+04
-9.898571313174375973e+04
-9.878221256685009575e+04
-9.857854064952336194e+04
-9.837482759915455244e+04
-9.817119078984511725e+04
-9.796773492839391110e+04
-9.776455331566646055e+04
-9.756167334058653796e+04
-9.735921291327745712e+04
-9.715722666550660506e+04
-9.695575665937351005e+04
-9.675483282298689301e+04
-9.655447259877288889e+04
-9.635468262849569146e+04
-9.615545598721288843e+04
-9.595677269618003629e+04
-9.575860179787367815e+04
-9.556090407003850851e+04
-9.536358774212352000e+04
-9.516666554487279791e+04
-9.497010290869175515e+04
-9.477386647249126690e+04
-9.457792429806353175e+04
-9.438224801420074073e+04
-9.418681179135985440e+04
-9.399159219611740264e+04
-9.379656828740044148e+04
-9.360167203410618822e+04
-9.340693799223849783e+04
-9.321235129600380606e+04
-9.301790063406337867e+04
-9.282357708682605880e+04
-9.262937410667196673e+04
-9.243528750602435321e+04
-9.224131662001324003e+04
-9.204746194830538298e+04
-9.185372515284616384e+04
-9.166011137782987498e+04
-9.146657707287567609e+04
-9.127318067845926271e+04
-9.107992966560424247e+04
-9.088683222489310720e+04
-9.069389495704213914e+04
-9.050112284258441650e+04
-9.030852162046963349e+04
-9.011609657582575164e+04
-8.992385259355488233e+04
-8.973179410350989201e+04
-8.953992631054067169e+04
-8.934820228546667204e+04
-8.915667457420782011e+04
-8.896534596191019227e+04
-8.877421877926215529e+04
-8.858329498480776965e+04
-8.839257608440589684e+04
-8.820206438061072549e+04
-8.801176056246260123e+04
-8.782166379545704694e+04
-8.763177396184910322e+04
-8.744209058736843872e+04
-8.725256247793704097e+04
-8.706323864144877007e+04
-8.687411857237890945e+04
-8.668520017089715111e+04
-8.649647987654320605e+04
-8.630795510568225291e+04
-8.611962336979251995e+04
-8.593148225001375249e+04
-8.574352946969323966e+04
-8.555576397954919958e+04
-8.536818371247766481e+04
-8.518073544143360050e+04
-8.499346738376957364e+04
-8.480637778378702933e+04
-8.461946495945914648e+04
-8.443272736031554814e+04
-8.424616466409098939e+04
-8.405977552323116106e+04
-8.387355751094738662e+04
-8.368750948148076714e+04
-8.350163036403292790e+04
-8.331591921232415189e+04
-8.313032522468299430e+04
-8.294489873468803125e+04
-8.275963909119392338e+04
-8.257454456568499154e+04
-8.238961470215812733e+04
-8.220484911874005047e+04
-8.202024755231934250e+04
-8.183580981320887804e+04
-8.165153697941600694e+04
-8.146742905091802822e+04
-8.128348499428491050e+04
-8.109965519184060395e+04
-8.091598974818906572e+04
-8.073248901851959818e+04
-8.054915336648917582e+04
-8.036598433433190803e+04
-8.018298227518219210e+04
-8.000014640071104805e+04
-7.981747703056527826e+04
-7.963497449171489279e+04
-7.945263907021957857e+04
-7.927047106002576766e+04
-7.908842218578241591e+04
-7.890654238274310774e+04
-7.872483074928315182e+04
-7.854328748907888075e+04
-7.836191281494479335e+04
-7.818070689816863160e+04
-7.799966991961761960e+04
-7.781880316271257470e+04
-7.763810677629140264e+04
-7.745753016421207576e+04
-7.727712300338526256e+04
-7.709688539619420771e+04
-7.691681740329001332e+04
-7.673691909617334022e+04
-7.655719164670009923e+04
-7.637763509539692313e+04
-7.619824829896414303e+04
-7.601903126804837666e+04
-7.583998397171308170e+04
-7.566110639063277631e+04
-7.548234905057025026e+04
-7.530376245590738836e+04
-7.512534654252491600e+04
-7.494710006503851037e+04
-7.476902293049787113e+04
-7.459111500523985887e+04
-7.441337617196871724e+04
-7.423580628442643501e+04
-7.405840636453410843e+04
-7.388117627573371283e+04
-7.370411477633922186e+04
-7.352717247499698715e+04
-7.335039854817146261e+04
-7.317379291073534114e+04
-7.299735545734179323e+04
-7.282108725065240287e+04
-7.264498819689886295e+04
-7.246905709894746542e+04
-7.229329387544392375e+04
-7.211769847719780228e+04
-7.194227083465215401e+04
-7.176701091035681020e+04
-7.159187065687603899e+04
-7.141689917101999163e+04
-7.124209529876073066e+04
-7.106745899946767895e+04
-7.089299026453451370e+04
-7.071868906467103807e+04
-7.054455540260070120e+04
-7.037059039161278633e+04
-7.019679404524614802e+04
-7.002316522464182344e+04
-6.984970395483018365e+04
-6.967636126224251348e+04
-6.950318616040523921e+04
-6.933017869079989032e+04
-6.915734000281468616e+04
-6.898467014833755093e+04
-6.881216802843773621e+04
-6.863983370609531994e+04
-6.846766722260316601e+04
-6.829566865151828097e+04
-6.812383804450924799e+04
-6.795217661264783237e+04
-6.778063560159016924e+04
-6.760926285293113324e+04
-6.743805849546050013e+04
-6.726702259615881485e+04
-6.709615524909156375e+04
-6.692545652001939015e+04
-6.675492762678599684e+04
-6.658456863342938595e+04
-6.641437850667840394e+04
-6.624435730986573617e+04
-6.607450513392101857e+04
-6.590477336598793045e+04
-6.573521077094276552e+04
-6.556581856075656833e+04
-6.539659679528277047e+04
-6.522754443993244058e+04
-6.505866155387694016e+04
-6.488994822447524348e+04
-6.472140450970877282e+04
-6.455303049591399031e+04
-6.438482736002674937e+04
-6.421679518693550199e+04
-6.404888439555674995e+04
-6.388114358622793225e+04
-6.371357284278555744e+04
-6.354617221912087552e+04
-6.337894179806170723e+04
-6.321188275010212965e+04
-6.304499515662894555e+04
-6.287827795089641586e+04
-6.271173121372493915e+04
-6.254530661314829922e+04
-6.237905261135030742e+04
-6.221296928769785154e+04
-6.204705780625199986e+04
-6.188131824494556349e+04
-6.171574953543484298e+04
-6.155035175510666886e+04
-6.138512495036647306e+04
-6.122006919761790778e+04
-6.105518454212596407e+04
-6.089047217221578467e+04
-6.072588391699114436e+04
-6.056146692104728572e+04
-6.039722122506629967e+04
-6.023314686975150107e+04
-6.006924392939747486e+04
-5.990551244717103691e+04
-5.974195360781506315e+04
-5.957856745383158704e+04
-5.941535294874475221e+04
-5.925231013548022747e+04
-5.908943908845105034e+04
-5.892669180828756362e+04
-5.876411641159295687e+04
-5.860171408071376936e+04
-5.843948485771780543e+04
-5.827742770879006275e+04
-5.811554267640220496e+04
-5.795382983506615710e+04
-5.779228922709584731e+04
-5.763092092700482317e+04
-5.746972608211474289e+04
-5.730870476646440511e+04
-5.714780805142209283e+04
-5.698708387635194958e+04
-5.682653231578050327e+04
-5.666615341144936247e+04
-5.650594723786264512e+04
-5.634591493910700956e+04
-5.618605658918101108e+04
-5.602637112632816570e+04
-5.586685862498526694e+04
-5.570751912629533763e+04
-5.554835270465231588e+04
-5.538931171830297535e+04
-5.523044502412721340e+04
-5.507175269600079628e+04
-6.909228552218872937e+04
-6.893393988087036996e+04
-6.877576766050842707e+04
-6.861776893533414113e+04
-6.845994374551226792e+04
-6.830229326232291351e+04
-6.814481752509973012e+04
-6.798751551030838164e+04
-6.783033976229665859e+04
-6.767333785037050257e+04
-6.751650984151544981e+04
-6.735985576284704439e+04
-6.720337677721797081e+04
-6.704707292262662668e+04
-6.689094317732106720e+04
-6.673498757915457827e+04
-6.657920620065051480e+04
-6.642359907892577758e+04
-6.626816628593820496e+04
-6.611286164661923249e+04
-6.595773253472521901e+04
-6.580277792938341736e+04
-6.564799786590479198e+04
-6.549339241486819083e+04
-6.533896161084361665e+04
-6.518470552383973700e+04
-6.503062527623165079e+04
-6.487672093694484647e+04
-6.472299144990814966e+04
-6.456943688398381346e+04
-6.441601016616357811e+04
-6.426275847008098935e+04
-6.410968186377942038e+04
-6.395678146414361981e+04
-6.380405733812209655e+04
-6.365150842998774169e+04
-6.349913480662847724e+04
-6.334693649780547275e+04
-6.319491356982803700e+04
-6.304302019511865365e+04
-6.289130337864792818e+04
-6.273976210209845158e+04
-6.258839639339379937e+04
-6.243720631743202102e+04
-6.228619190138331032e+04
-6.213535320956277428e+04
-6.198469134855119773e+04
-6.183420638154747576e+04
-6.168389725341747544e+04
-6.153376402730472910e+04
-6.138375999528598186e+04
-6.123393195274233585e+04
-6.108427996197975153e+04
-6.093480512390861259e+04
-6.078550749970733159e+04
-6.063638603468189103e+04
-6.048744078995830932e+04
-6.033867178782005794e+04
-6.019007909269726952e+04
-6.004166273128852481e+04
-5.989342383878937835e+04
-5.974531591462956567e+04
-5.959738446411169571e+04
-5.944962954619147786e+04
-5.930205118034387851e+04
-5.915464942486831569e+04
-5.900742429841307603e+04
-5.886037692945772869e+04
-5.871350733517367189e+04
-5.856681450115518965e+04
-5.842029844439428416e+04
-5.827395922121709009e+04
-5.812775054449784511e+04
-5.798171877319518535e+04
-5.783586503032162727e+04
-5.769018933018537791e+04
-5.754469065931717341e+04
-5.739936903185226402e+04
-5.725422450185303023e+04
-5.710925708262656553e+04
-5.696446682757607050e+04
-5.681985481346053712e+04
-5.667542109245606844e+04
-5.653111853051543585e+04
-5.638699326047208888e+04
-5.624304533412004821e+04
-5.609927476190630841e+04
-5.595568159496451699e+04
-5.581226690389119176e+04
-5.566903073858474090e+04
-5.552597204618252727e+04
-5.538309087649463618e+04
-5.524038723747827316e+04
-5.509786117828224087e+04
-5.495546685283013358e+04
-5.481325122044263844e+04
-5.467121432873643062e+04
-5.452935512532744178e+04
-5.438767365774991049e+04
-5.424616993109712348e+04
-5.410484399224097433e+04
-5.396369584544483223e+04
-5.382272659115072020e+04
-5.368193623210580699e+04
-5.354132375903431239e+04
-5.340084355405675888e+04
-5.326054128253505041e+04
-5.312041698906064266e+04
-5.298047069627138990e+04
-5.284070352114400157e+04
-5.270111546455224016e+04
-5.256170551844799047e+04
-5.242247368264068064e+04
-5.228341999988092721e+04
-5.214449904298536421e+04
-5.200575628036065609e+04
-5.186719280121466727e+04
-5.172880860281702917e+04
-5.159060267859647138e+04
-5.145257502576713887e+04
-5.131472568506542302e+04
-5.117705465295017348e+04
-5.103956196956832719e+04
-5.090224867427733261e+04
-5.076511480602374650e+04
-5.062811413125394029e+04
-5.049129187306537642e+04
-5.035464807016597479e+04
-5.021818271640225430e+04
-5.008189584988870774e+04
-4.994578850377867639e+04
-4.980986071497545345e+04
-4.967411143502165214e+04
-4.953854070083970146e+04
-4.940314850399104762e+04
-4.926793488080147654e+04
-4.913285488497003098e+04
-4.899795452575592208e+04
-4.886323383800573356e+04
-4.872869177425804082e+04
-4.859432836938173568e+04
-4.846014361230286886e+04
-4.832613753728993470e+04
-4.819231013250269461e+04
-4.805866246435818903e+04
-4.792519451951971860e+04
-4.779190529767036787e+04
-4.765875010047921387e+04
-4.752577364535866946e+04
-4.739297596450711717e+04
-4.726035704343415273e+04
-4.712791794275472057e+04
-4.699565864647174021e+04
-4.686357815591280814e+04
-4.673167645504372194e+04
-4.659995357424310350e+04
-4.646840949670464033e+04
-4.633704425219907716e+04
-4.620581442048348254e+04
-4.607476444201453705e+04
-4.594389329849739443e+04
-4.581320096583262784e+04
-4.568268747226984124e+04
-4.555235279830453510e+04
-4.542219697151670698e+04
-4.529222099289680773e+04
-4.516242488870455418e+04
-4.503280761568831804e+04
-4.490336920008651214e+04
-4.477406545389704115e+04
-4.464494056868259213e+04
-4.451599456971714972e+04
-4.438722845124731248e+04
-4.425864223721936287e+04
-4.413023488536082732e+04
-4.400200641960286885e+04
-4.387395681505923858e+04
-4.374608609499041631e+04
-4.361839423367677955e+04
-4.349088226726095309e+04
-4.336350626928615384e+04
-4.323630914659333939e+04
-4.310929092080457485e+04
-4.298245156415562087e+04
-4.285579109759746643e+04
-4.272930949253278959e+04
-4.260300777883749106e+04
-4.247688592631059873e+04
-4.235094294429282309e+04
-4.222517880251906172e+04
-4.209959351992465963e+04
-4.197414343793511216e+04
-4.184887220229109516e+04
-4.172378083655472437e+04
-4.159886930764222052e+04
-4.147413662657838722e+04
-4.134958276022261998e+04
-4.122520772519841557e+04
-4.110101148753301823e+04
-4.097699406317828107e+04
-4.085311301731335698e+04
-4.072941176599604660e+04
-4.060588932197983377e+04
-4.048254564925040177e+04
-4.035938076211851148e+04
-4.023639462373836432e+04
-4.011358724774896109e+04
-3.999095959382565343e+04
-3.986851167424488813e+04
-3.974624245235402486e+04
-3.962415194044665259e+04
-3.950219699198038143e+04
-3.938042076002238900e+04
-3.925882326284590818e+04
-3.913740545363989077e+04
-3.901616734319270472e+04
-3.889510789717730950e+04
-3.877422712694274378e+04
-3.865352499187292415e+04
-3.853300150317460066e+04
-3.841265661992516834e+04
-3.829249134220829001e+04
-3.817246279265888734e+04
-3.805261282776984444e+04
-3.793294145840042620e+04
-3.781344864286753000e+04
-3.769413439186394680e+04
-3.757499866337417916e+04
-3.745604245271184482e+04
-3.733726571670950216e+04
-3.721866748020035448e+04
-3.710024770047998754e+04
-3.698200638769907528e+04
-3.686390095390613715e+04
-3.674597395395096100e+04
-3.662822637824829144e+04
-3.651065818241664965e+04
-3.639326839491659484e+04
-3.627605697181155847e+04
-3.615902392258476175e+04
-3.604216920292047143e+04
-3.592549282208507066e+04
-3.580899571146635571e+04
-3.569267787938243418e+04
-3.557649605444101326e+04
-3.546049249483337917e+04
-3.534466720929510484e+04
-3.522902015216783911e+04
-3.511355133194758673e+04
-3.499826167428320332e+04
-3.488315118669284857e+04
-3.476821885013864085e+04
-3.465346467261615908e+04
-3.453888860721321544e+04
-3.442449066166659759e+04
-3.431022883972078853e+04
-3.419614606505793927e+04
-3.408224234431839432e+04
-3.396851666140330781e+04
-3.385496902341542591e+04
-3.374159938194566348e+04
-3.362840774381608935e+04
-3.351539406016352586e+04
-3.340255929391503741e+04
-3.328990337518008891e+04
-3.317742533332876337e+04
-3.306508347531537584e+04
-3.295291945032616786e+04
-3.284093326413225441e+04
-3.272912486622271535e+04
-3.261749522032793902e+04
-3.250604427454982942e+04
-3.239477107486588648e+04
-3.228367556969173893e+04
-3.217275776370496897e+04
-3.206201760477719654e+04
-3.195145509721153940e+04
-3.184102980937363463e+04
-3.173078307703837345e+04
-3.162071394946372311e+04
-3.151082237317830732e+04
-3.140110835156771645e+04
-3.129157183059756062e+04
-3.118221281326084863e+04
-3.107303219399899535e+04
-3.096402997464068176e+04
-3.085516407549173164e+04
-3.074647557334628073e+04
-3.063796447023525252e+04
-3.052963071015289461e+04
-3.042147429471985379e+04
-3.031349611172842560e+04
-3.020569616161023441e+04
-3.009807344191851735e+04
-2.999062795343660400e+04
-2.988335963838048337e+04
-2.977626849710837996e+04
-2.966931371673353715e+04
-2.956253699136093201e+04
-2.945593831996474182e+04
-2.934951670272872434e+04
-2.924327213896888134e+04
-2.913720456881274004e+04
-2.903131399113428779e+04
-2.892560034544125665e+04
-2.882006456507908297e+04
-2.871470658803988772e+04
-2.860952547659196716e+04
-2.850448073998648033e+04
-2.839961280474094383e+04
-2.829492166818701662e+04
-2.819040726766640728e+04
-2.808607053015804559e+04
-2.798191139146387286e+04
-2.787792891707761737e+04
-2.777412304796001990e+04
-2.767049379935947945e+04
-2.756704112124536186e+04
-2.746376500961408601e+04
-2.736062622710694268e+04
-2.725766486719012028e+04
-2.715488000011663826e+04
-2.705227156150186784e+04
-2.694983954781283683e+04
-2.684758389463840285e+04
-2.674550459859250986e+04
-2.664360251545933716e+04
-2.654187764117533516e+04
-2.644032899007995729e+04
-2.633895655903762963e+04
-2.623772052173188422e+04
-2.613666063686698908e+04
-2.603577690150722628e+04
-2.593507016625617689e+04
-2.583454042744562321e+04
-2.573418670410172490e+04
-2.563400899344467325e+04
-2.553400723057257710e+04
-2.543418141276449023e+04
-2.533453147498219914e+04
-2.523505832480826939e+04
-2.513572247645079915e+04
-2.503656243585571065e+04
-2.493757820043686661e+04
-2.483876970479854208e+04
-2.474013694636750733e+04
-2.464168076558348548e+04
-2.454340115904035338e+04
-2.444529715399890847e+04
-2.434736874787058332e+04
-2.424961587465848424e+04
-2.415203853174809774e+04
-2.405459758097126905e+04
-2.395733299252341385e+04
-2.386024476293550106e+04
-2.376333192381606204e+04
-2.366659447247705248e+04
-2.357003234211340896e+04
-2.347364552996688872e+04
-2.337743396895787737e+04
-2.328139855197818542e+04
-2.318553921070796787e+04
-2.308985504562845745e+04
-2.299430727089107677e+04
-2.289893460162737756e+04
-2.280373703478352400e+04
-2.270871450141088280e+04
-2.261386787004003418e+04
-2.251919705361517845e+04
-2.242470115816725593e+04
-2.233038011609084788e+04
-2.223623392547554977e+04
-2.214222409480212082e+04
-2.204838904722729058e+04
-2.195472966711614572e+04
-2.186124588709636009e+04
-2.176793682085984619e+04
-2.167480240241379943e+04
-2.158184263214877865e+04
-2.148905744445888558e+04
-2.139644684032314399e+04
-2.130401163427221763e+04
-2.121175182697559649e+04
-2.111962841321557062e+04
-2.102767945462530770e+04
-2.093590495360238128e+04
-2.084430484574167349e+04
-2.075287913394579664e+04
-2.066162862845160998e+04
-2.057055333176013664e+04
-2.047965230462144245e+04
-2.038892555087474466e+04
-2.029837300684634829e+04
-2.020799467680984526e+04
-2.011775280913866300e+04
-2.002768596556819102e+04
-1.993779415014579718e+04
-1.984807642979257798e+04
-1.975853280982251454e+04
-1.966916322718713491e+04
-1.957996768755443918e+04
-1.949094612798324670e+04
-1.940209941784308467e+04
-1.931342749326986086e+04
-1.922492949629810755e+04
-1.913656805448007071e+04
-1.904838048405203153e+04
-1.896036679180047940e+04
-1.887252691502538801e+04
-1.878486171853564156e+04
-1.869737113861426769e+04
-1.861005432384951564e+04
-1.852291121151187690e+04
-1.843594180907806731e+04
-1.834914605376971303e+04
-1.826252395325056568e+04
-1.817603937178791966e+04
-1.808972923609886493e+04
-1.800359269840794150e+04
-1.791762969658467046e+04
-1.783184023997772601e+04
-1.774622426721682132e+04
-1.766078178864777146e+04
-1.757551358987671847e+04
-1.749041968127927976e+04
-1.740549915559793590e+04
-1.732075202506403730e+04
-1.723614169977480196e+04
-1.715170472343305300e+04
-1.706744110966178414e+04
-1.698335164054277993e+04
-1.689943632959664683e+04
-1.681569427752825140e+04
-1.673212549960405158e+04
-1.664872993852912623e+04
-1.656550761034178140e+04
-1.648245845822484989e+04
-1.639958333350341127e+04
-1.631684604962891899e+04
-1.623428191769147816e+04
-1.615189095557873952e+04
-1.606967310757591622e+04
-1.598762839222517505e+04
-1.590575675416279410e+04
-1.582405904112996359e+04
-1.574253519700840116e+04
-1.566118441200462985e+04
-1.557997083699358336e+04
-1.549893028663168661e+04
-1.541806278156215558e+04
-1.533736826744006248e+04
-1.525684758794005029e+04
-1.517650068782776361e+04
-1.509632676522478869e+04
-1.501632576613244601e+04
-1.493649771261532442e+04
-1.485684255079773720e+04
-1.477736030315505923e+04
-1.469801635521097342e+04
-1.461884610580118897e+04
-1.453984876065792923e+04
-1.446102426613784337e+04
-1.438237264567977400e+04
-1.430389384564514330e+04
-1.422558789358593640e+04
-1.414745555519268964e+04
-1.406949686000667862e+04
-1.399171094590717985e+04
-1.391409784139093244e+04
-1.383662254802371899e+04
-1.375932004764900194e+04
-1.368219037343854143e+04
-1.360523428507460630e+04
-1.352845181767683243e+04
-1.345184212491160724e+04
-1.337540524579769408e+04
-1.329914114135195268e+04
-1.322304985340232088e+04
-1.314713134537667793e+04
-1.307138645915529924e+04
-1.299578064614032337e+04
-1.292034766841340752e+04
-1.284508757458061154e+04
-1.277000033382335096e+04
-1.269508599729176785e+04
-1.262034453628944175e+04
-1.254577679523314873e+04
-1.247138274631652166e+04
-1.239716165370610543e+04
-1.232311349270054779e+04
-1.224923832162820327e+04
-1.217550205274819746e+04
-1.210193881155272538e+04
-1.202854944397877262e+04
-1.195533392880867177e+04
-1.188229154472428490e+04
-1.180942227335055941e+04
-1.173672618065864663e+04
-1.166420324987539789e+04
-1.159185354896470380e+04
-1.151967783998470986e+04
-1.144767619174004358e+04
-1.137581420789172989e+04
-1.130412556421080080e+04
-1.123261033343731833e+04
-1.116126850390002073e+04
-1.109010015008406481e+04
-1.101910603200444893e+04
-1.094828622472290590e+04
-1.087763994914029900e+04
-1.080716730625867785e+04
-1.073686830982113315e+04
-1.066674304049843340e+04
-1.059675836378907843e+04
-1.052694825672420848e+04
-1.045731280390205211e+04
-1.038785124005287071e+04
-1.031856365404698590e+04
-1.024945004786518984e+04
-1.018051051343750441e+04
-1.011174505524880078e+04
-1.004315452445848496e+04
-9.974738926706340862e+03
-9.906497602335759439e+03
-9.838397920306670130e+03
-9.770472621337568853e+03
-9.702721807421126869e+03
-9.635145491095361649e+03
-9.567744525944886846e+03
-9.500518925273587229e+03
-9.433468046088441042e+03
-9.366591904875444015e+03
-9.299890611199123668e+03
-9.233331955487679807e+03
-9.166948277520961710e+03
-9.100740431990881916e+03
-9.034708438605041010e+03
-8.968851670034011477e+03
-8.903170148833785788e+03
-8.837663992474030238e+03
-8.772333224979360239e+03
-8.707177965830473113e+03
-8.642198974216458737e+03
-8.577396370330650825e+03
-8.512737737650313647e+03
-8.448254907474416541e+03
-8.383948004057703656e+03
-8.319817055931955110e+03
-8.255862189046034473e+03
-8.192084158965895767e+03
-8.128483092013586429e+03
-8.065058291335066315e+03
-8.001809864563067094e+03
-7.938737816138687776e+03
-7.875842277735981042e+03
-7.813092128655349370e+03
-7.750519413410482230e+03
-7.688124295543791959e+03
-7.625906128353672102e+03
-7.563865092583961086e+03
-7.502001275948554394e+03
-7.440314874782139668e+03
-7.378805991420143982e+03
-7.317475547303925850e+03
-7.256323657605971675e+03
-7.195349837599511375e+03
-7.134523607288749190e+03
-7.073875818013650132e+03
-7.013406718083613669e+03
-6.953116458150834660e+03
-6.893006001992762322e+03
-6.833075511714399909e+03
-6.773324560482345987e+03
-6.713753324316683575e+03
-6.654362092477123952e+03
-6.595151053103225422e+03
-6.536120508416657685e+03
-6.477241327484516660e+03
-6.418543847278458998e+03
-6.360027694940043148e+03
-6.301693087533261860e+03
-6.243540358462938457e+03
-6.185569735615223181e+03
-6.127781564177363180e+03
-6.070176766182019492e+03
-6.012755696851119865e+03
-5.955517919404504937e+03
-5.898463801580539439e+03
-5.841564197703541140e+03
-5.784848890121604200e+03
-5.728318262946675532e+03
-5.671973261772625847e+03
-5.615814275284661562e+03
-5.559840899217466358e+03
-5.504053521494570305e+03
-5.448452408407843905e+03
-5.393037943592396914e+03
-5.337810387734556571e+03
-5.282770784802050912e+03
-5.227890641815101844e+03
-5.173198413886202616e+03
-5.118694474021176575e+03
-5.064379068987604114e+03
-5.010252567330957390e+03
-4.956315210044413107e+03
-4.902568015780008864e+03
-4.849011218044281122e+03
-4.795644520130881574e+03
-4.742468151330947876e+03
-4.689482466510788072e+03
-4.636659639014455024e+03
-4.584028069095715182e+03
-4.531588749147864291e+03
-4.479341892204029136e+03
-4.427287195928671281e+03
-4.375424869034832227e+03
-4.323755250231959508e+03
-4.272278542168336571e+03
-4.220995078749561799e+03
-4.169878238595891162e+03
-4.118955800331139471e+03
-4.068227455807820661e+03
-4.017693392635745113e+03
-3.967353932828569668e+03
-3.917209257787137176e+03
-3.867259684572287370e+03
-3.817506024371468811e+03
-3.767948635360851767e+03
-3.718587166409080965e+03
-3.669422103862889344e+03
-3.620427183137799148e+03
-3.571629723340491182e+03
-3.523030434091269854e+03
-3.474630562687641941e+03
-3.426430961573627428e+03
-3.378431795525277266e+03
-3.330634060255382792e+03
-3.283038670113208354e+03
-3.235646759193681646e+03
-3.188459375525853829e+03
-3.141478386765287723e+03
-3.094679118211744935e+03
-3.048088222231555847e+03
-3.001707166345309815e+03
-2.955537318935268559e+03
-2.909580275254382286e+03
-2.863838112625773647e+03
-2.818312548935893574e+03
-2.773004603976281942e+03
-2.727916119374538539e+03
-2.683048819397256011e+03
-2.638404664407382370e+03
-2.593960589072652510e+03
-2.549744143683099537e+03
-2.505757460283100954e+03
-2.462001963802511455e+03
-2.418479899927158840e+03
-2.375193348758650245e+03
-2.332144524618313881e+03
-2.289335286097833887e+03
-2.246768076101623592e+03
-2.204444398244901095e+03
-2.162365236243305844e+03
-2.120507959162612678e+03
-2.078897564391634660e+03
-2.037535091883488349e+03
-1.996421199686388718e+03
-1.955557139088647091e+03
-1.914943238380321418e+03
-1.874579347009464982e+03
-1.834465476122350083e+03
-1.794601702055835631e+03
-1.754987723239974002e+03
-1.715623307666741312e+03
-1.676485792192805093e+03
-1.637597217038797680e+03
-1.598956375748501159e+03
-1.560562215607846156e+03
-1.522413761152114603e+03
-1.484509671346764662e+03
-1.446848684271506499e+03
-1.409429680562447174e+03
-1.372251115462044254e+03
-1.335310645496196230e+03
-1.298607084935822058e+03
-1.262118724845917313e+03
-1.225868041954498040e+03
-1.189857360145761049e+03
-1.154090468759255600e+03
-1.118572082245620550e+03
-1.083307371129645617e+03
-1.048303393421127112e+03
-1.013568104858350125e+03
-9.791108523306611460e+02
-9.449418311778135831e+02
-9.110730893751751864e+02
-8.774970599729131209e+02
-8.442469861656281864e+02
-8.113377206616132753e+02
-7.787848188782081706e+02
-7.466052444570668740e+02
-7.148165960824262584e+02
-6.834383309536351589e+02
-6.524900298872526037e+02
-6.219922305521322414e+02
-5.919467028577928431e+02
-5.623880728549120249e+02
-5.333278674214525381e+02
-5.047719826451502740e+02
-4.767222392159601441e+02
-4.491745349333505146e+02
-4.221200287570391083e+02
-3.955448777778074145e+02
-3.694309817447065143e+02
-3.437549926806241274e+02
-3.184893722725973930e+02
-2.935866771740256809e+02
-2.690253240944148274e+02
-2.447636436501779826e+02
-2.207555465292825829e+02
-1.969509794166951906e+02
-1.733043847617373103e+02
-1.497962953042588197e+02
-1.264465942533424823e+02
-1.033146455319947563e+02
-8.049841698732052464e+01
-5.813527435444120783e+01
-3.638693323163897730e+01
-1.548031264920427930e+01
4.333420495458994992e+00
2.276733662656624801e+01
3.949671292377752252e+01
5.416329062568547670e+01
6.637049446327728219e+01
7.568982228511595167e+01
8.165460433150292374e+01
8.376831740506167989e+01
