-1.317863187163728988e+06
-1.314398189215183025e+06
-1.310936570720639313e+06
-1.307478584163050866e+06
-1.304024440278641880e+06
-1.300574311495487345e+06
-1.297128335363069316e+06
-1.293686617973784218e+06
-1.290249237378174905e+06
-1.286816246992097935e+06
-1.283387678994985064e+06
-1.279963547720015515e+06
-1.276543853036197368e+06
-1.273128583722360432e+06
-1.269717720833058003e+06
-1.266311241056378465e+06
-1.262909120063668815e+06
-1.259511335768172285e+06
-1.256117870445665205e+06
-1.252728711077577667e+06
-1.249343848952901317e+06
-1.245963279255928239e+06
-1.242587000654974487e+06
-1.239215014892087085e+06
-1.235847326373733813e+06
-1.232483941762477625e+06
-1.229124869569634553e+06
-1.225770119748914381e+06
-1.222419703291045735e+06
-1.219073631819384638e+06
-1.215731917186506558e+06
-1.212394571071781917e+06
-1.209061604579935782e+06
-1.205733027845826931e+06
-1.202408849754327908e+06
-1.199089077887800289e+06
-1.195773718599046580e+06
-1.192462777091414668e+06
-1.189156257498708321e+06
-1.185854162964911200e+06
-1.182556495723715052e+06
-1.179263257177861640e+06
-1.175974447978291428e+06
-1.172690068103101570e+06
-1.169410116936313454e+06
-1.166134593346449779e+06
-1.162863495764920255e+06
-1.159596822264216840e+06
-1.156334570635917829e+06
-1.153076738468501484e+06
-1.149823323224968044e+06
-1.146574322320273146e+06
-1.143329733198566362e+06
-1.140089553410244174e+06
-1.136853780688693747e+06
-1.133622413014452439e+06
-1.130395448638443602e+06
-1.127172886072023306e+06
-1.123954724072393496e+06
-1.120740961628049612e+06
-1.117531597944265464e+06
-1.114326632428610465e+06
-1.111126064676503651e+06
-1.107929894456801936e+06
-1.104738121697423747e+06
-1.101550746471007587e+06
-1.098367768980604829e+06
-1.095189189545409521e+06
-1.092015008586520562e+06
-1.088845226612741360e+06
-1.085679844206412788e+06
-1.082518862009281758e+06
-1.079362280708405189e+06
-1.076210101022088202e+06
-1.073062323685858399e+06
-1.069918949438473443e+06
-1.066779979007965885e+06
-1.063645413097720826e+06
-1.060515252372590359e+06
-1.057389497445042012e+06
-1.054268148861342110e+06
-1.051151207088951953e+06
-1.048038672511200421e+06
-1.044930545429307269e+06
-1.041826826065658242e+06
-1.038727514567073435e+06
-1.035632611008066451e+06
-1.032542115394094842e+06
-1.029456027664805297e+06
-1.026374347697267891e+06
-1.023297075309204170e+06
-1.020224210262207314e+06
-1.017155752264953451e+06
-1.014091700976406457e+06
-1.011032056009013439e+06
-1.007976816931893351e+06
-1.004925983274016995e+06
-1.001879554527379922e+06
-9.988375301501667127e+05
-9.957999095699077006e+05
-9.927666921866275370e+05
-9.897378773759868927e+05
-9.867134644924139138e+05
-9.836934528722306713e+05
-9.806778418367700651e+05
-9.776666306954848114e+05
-9.746598187490485143e+05
-9.716574052924502175e+05
-9.686593896180791780e+05
-9.656657710188026540e+05
-9.626765487910362426e+05
-9.596917222379489103e+05
-9.567112906724781496e+05
-9.537352534179806244e+05
-9.507636098072199384e+05
-9.477963591817254201e+05
-9.448335008911527693e+05
-9.418750342926473822e+05
-9.389209587502065115e+05
-9.359712736340463161e+05
-9.330259783199678641e+05
-9.300850721887263935e+05
-9.271485546254012734e+05
-9.242164250187677098e+05
-9.212886827606705483e+05
-9.183653272453986574e+05
-9.154463578690622235e+05
-9.125317740289706271e+05
-9.096215751230120659e+05
-9.067157605490349233e+05
-9.038143297042308841e+05
-9.009172819845194463e+05
-8.980246167839339469e+05
-8.951363334940092172e+05
-8.922524315031713340e+05
-8.893729101961276028e+05
-8.864977689532599179e+05
-8.836270071500185877e+05
-8.807606241563177900e+05
-8.778986193359326571e+05
-8.750409920458986890e+05
-8.721877416359118652e+05
-8.693388674477303866e+05
-8.664943688145788619e+05
-8.636542450605530757e+05
-8.608184955000265036e+05
-8.579871194370514713e+05
-8.551601161648352863e+05
-8.523374849656119477e+05
-8.495192251108179335e+05
-8.467053358612655429e+05
-8.438958164673154242e+05
-8.410906661690475885e+05
-8.382898841964347521e+05
-8.354934697695116047e+05
-8.327014220985469874e+05
-8.299137403842135100e+05
-8.271304238177578663e+05
-8.243514715811702190e+05
-8.215768828473532340e+05
-8.188066567802908830e+05
-8.160407925352166640e+05
-8.132792892587815877e+05
-8.105221460892218165e+05
-8.077693621565250214e+05
-8.050209365825976711e+05
-8.022768684814311564e+05
-7.995371569592671003e+05
-7.968018011147635989e+05
-7.940708000391593669e+05
-7.913441528164391639e+05
-7.886218585234967759e+05
-7.859039162302998593e+05
-7.831903250000524567e+05
-7.804810838893589098e+05
-7.777761919483852107e+05
-7.750756482210217509e+05
-7.723794517450446729e+05
-7.696876015522774542e+05
-7.670000966687516775e+05
-7.643169361148671014e+05
-7.616381189055521972e+05
-7.589636440504231723e+05
-7.562935105539438082e+05
-7.536277174155836692e+05
-7.509662636296169367e+05
-7.483091481843166985e+05
-7.456563700623548357e+05
-7.430079282417162322e+05
-7.403638216956747929e+05
-7.377240493927702773e+05
-7.350886102967849001e+05
-7.324575033667206299e+05
-7.298307275567749748e+05
-7.272082818163188640e+05
-7.245901650898730149e+05
-7.219763763170852326e+05
-7.193669144327075919e+05
-7.167617783665735042e+05
-7.141609670435747830e+05
-7.115644793836396420e+05
-7.089723143017096445e+05
-7.063844707077171188e+05
-7.038009475065629231e+05
-7.012217435980942100e+05
-6.986468578770818422e+05
-6.960762892331986222e+05
-6.935100365509968251e+05
-6.909480987098861951e+05
-6.883904745841119438e+05
-6.858371630427332129e+05
-6.832881629496007226e+05
-6.807434731633353513e+05
-6.782030925373064820e+05
-6.756670199196101166e+05
-6.731352541530478047e+05
-6.706077940751048736e+05
-6.680846385179288918e+05
-6.655657863083088305e+05
-6.630512362676535267e+05
-6.605409872119708452e+05
-6.580350379518461414e+05
-6.555333872924215393e+05
-6.530360340333749773e+05
-6.505429769688994857e+05
-6.480542148876822321e+05
-6.455697465728836833e+05
-6.430895708021175815e+05
-6.406136863483171910e+05
-6.381420919798077084e+05
-6.356747864594385028e+05
-6.332117685445296811e+05
-6.307530369868919952e+05
-6.282985905328473309e+05
-6.258484279232474510e+05
-6.234025478934947168e+05
-6.209609491735612974e+05
-6.185236304880095413e+05
-6.160905905560110696e+05
-6.136618280913665658e+05
-6.112373418025257997e+05
-6.088171303926066030e+05
-6.064011925594150089e+05
-6.039895269954644609e+05
-6.015821323879951378e+05
-5.991790074189936277e+05
-5.967801507652127184e+05
-5.943855610981897917e+05
-5.919952370842669625e+05
-5.896091773846099386e+05
-5.872273806552274618e+05
-5.848498455469907494e+05
-5.824765707056521205e+05
-5.801075547718646703e+05
-5.777427963812008966e+05
-5.753822941641722573e+05
-5.730260467462476809e+05
-5.706740527478730073e+05
-5.683263107844894985e+05
-5.659828194665533956e+05
-5.636435773995543132e+05
-5.613085831840340979e+05
-5.589778354156055721e+05
-5.566513326849716250e+05
-5.543290735779437236e+05
-5.520110566754606552e+05
-5.496972805536071537e+05
-5.473877437836325262e+05
-5.450824449319691630e+05
-5.427813825602513971e+05
-5.404845552253334317e+05
-5.381919614793082001e+05
-5.359035998695258750e+05
-5.336194689388188999e+05
-5.313395672256682301e+05
-5.290638932640054263e+05
-5.267924455830651568e+05
-5.245252227073903196e+05
-5.222622231568375137e+05
-5.200034454465813469e+05
-5.177488880871194415e+05
-5.154985495842777891e+05
-5.132524284392155241e+05
-5.110105231484295800e+05
-5.087728322037600446e+05
-5.065393540923951659e+05
-5.043100872968758922e+05
-5.020850302951013437e+05
-4.998641815603333525e+05
-4.976475395612015855e+05
-4.954351027617085492e+05
-4.932268696212345967e+05
-4.910228385945428163e+05
-4.888230081317840377e+05
-4.866273766785017215e+05
-4.844359426756368484e+05
-4.822487045595335076e+05
-4.800656607619428542e+05
-4.778868097100289306e+05
-4.757121498263732065e+05
-4.735416795289799338e+05
-4.713753972312806873e+05
-4.692133013421393698e+05
-4.670553902658576844e+05
-4.649016624021794414e+05
-4.627521161462963792e+05
-4.606067498888521222e+05
-4.584655620159480022e+05
-4.563285509091474814e+05
-4.541957149454818573e+05
-4.520670524974542204e+05
-4.499425619330452755e+05
-4.478222416157179978e+05
-4.457060899044227554e+05
-4.435941051536019659e+05
-4.414862857131958008e+05
-4.393826299286463764e+05
-4.372831361409029923e+05
-4.351878026864274871e+05
-4.330966278971987776e+05
-4.310096101007179823e+05
-4.289267476198941004e+05
-4.268480387730089715e+05
-4.247734818738445174e+05
-4.227030752317296574e+05
-4.206368171515474096e+05
-4.185747059337424580e+05
-4.165167398743279045e+05
-4.144629172648934182e+05
-4.124132363926112885e+05
-4.103676955402442254e+05
-4.083262929861525772e+05
-4.062890270043013152e+05
-4.042558958642673679e+05
-4.022268978312469553e+05
-4.002020311660624575e+05
-3.981812941251696320e+05
-3.961646849606649484e+05
-3.941522019202923402e+05
-3.921438432474514702e+05
-3.901396071812029695e+05
-3.881394919562777504e+05
-3.861434958030823618e+05
-3.841516169477069052e+05
-3.821638536119326018e+05
-3.801802040132376133e+05
-3.782006663648056565e+05
-3.762252388755319407e+05
-3.742539197500307346e+05
-3.722867071886429330e+05
-3.704595382855365751e+05
-3.687724112325260649e+05
-3.670893853190778755e+05
-3.654104587285078596e+05
-3.637356296398937702e+05
-3.620648962280811975e+05
-3.603982566636920674e+05
-3.587357091131305788e+05
-3.570772517385908868e+05
-3.554228826980637386e+05
-3.537726001453436911e+05
-3.521264022300363285e+05
-3.504842870975648984e+05
-3.488462528891775291e+05
-3.472122977419542149e+05
-3.455824197888141498e+05
-3.439566171585215488e+05
-3.423348879756944953e+05
-3.407172303608102957e+05
-3.391036424302131636e+05
-3.374941222961214371e+05
-3.358886680659528356e+05
-3.342872778422981501e+05
-3.326899497236034367e+05
-3.310966818042069208e+05
-3.295074721743416740e+05
-3.279223189201381756e+05
-3.263412201236289693e+05
-3.247641738627504092e+05
-3.231911782113473164e+05
-3.216222312391757732e+05
-3.200573310119056841e+05
-3.184964755911253160e+05
-3.169396630343436264e+05
-3.153868913949942216e+05
-3.138381587224381510e+05
-3.122934630619676318e+05
-3.107528024548093090e+05
-3.092161749381272821e+05
-3.076835785450268304e+05
-3.061550113045575563e+05
-3.046304712417167611e+05
-3.031099563774527051e+05
-3.015934647286683321e+05
-3.000809943082241807e+05
-2.985725431249421090e+05
-2.970681091836084379e+05
-2.955676904849774437e+05
-2.940712850257749669e+05
-2.925788907987009734e+05
-2.910905057924340945e+05
-2.896061279916346539e+05
-2.881257553769471124e+05
-2.866493859250053065e+05
-2.851770176084340783e+05
-2.837086483958540484e+05
-2.822442762518840609e+05
-2.807838991371453740e+05
-2.793275150082649197e+05
-2.778751218178779818e+05
-2.764267175146332011e+05
-2.749823000431945547e+05
-2.735418673442455474e+05
-2.721054173544929363e+05
-2.706729480066690594e+05
-2.692444572295369580e+05
-2.678199429478927050e+05
-2.663994030825688969e+05
-2.649828355504388455e+05
-2.635702382644198369e+05
-2.621616091334763914e+05
-2.607569460626237560e+05
-2.593562469534627162e+05
-2.579595097043637652e+05
-2.565667322099397425e+05
-2.551779123608653899e+05
-2.537930480438803788e+05
-2.524121371417907067e+05
-2.510351775334707927e+05
-2.496621670938660391e+05
-2.482931036939937621e+05
-2.469279852009466849e+05
-2.455668094778934028e+05
-2.442095743840821087e+05
-2.428562777748419903e+05
-2.415069175015843939e+05
-2.401614914118065499e+05
-2.388199973490925040e+05
-2.374824331531156786e+05
-2.361487966596416663e+05
-2.348190857005286962e+05
-2.334932981037318241e+05
-2.321714316933036316e+05
-2.308534842893967871e+05
-2.295394537082666066e+05
-2.282293377622729167e+05
-2.269231342598823830e+05
-2.256208410056708381e+05
-2.243224558003253769e+05
-2.230279764406464528e+05
-2.217374007195506711e+05
-2.204507264260721859e+05
-2.191679513453661930e+05
-2.178890732587100938e+05
-2.166140899435062893e+05
-2.153429991732849739e+05
-2.140757987177050672e+05
-2.128124863425581716e+05
-2.115530598097695038e+05
-2.102975168774018530e+05
-2.090458552996562794e+05
-2.077980728268753737e+05
-2.065541672055460513e+05
-2.053141361783004832e+05
-2.040779774839202873e+05
-2.028456888573379256e+05
-2.016172680296387989e+05
-2.003927127280647401e+05
-1.991720206760156434e+05
-1.979551895930524915e+05
-1.967422171948994510e+05
-1.955331011934464332e+05
-1.943278392967518885e+05
-1.931264292090446688e+05
-1.919288686302457936e+05
-1.907351552557360847e+05
-1.895452867768360302e+05
-1.883592608810362872e+05
-1.871770752519955859e+05
-1.859987275695393328e+05
-1.848242155096568167e+05
-1.836535367445002776e+05
-1.824866889423823450e+05
-1.813236697677748743e+05
-1.801644768813059200e+05
-1.790091079397595022e+05
-1.778575605960725807e+05
-1.767098324993338902e+05
-1.755659212947825436e+05
-1.744258246238054708e+05
-1.732895401239364874e+05
-1.721570654288544320e+05
-1.710283981683813035e+05
-1.699035359684813302e+05
-1.687824764512584079e+05
-1.676652172349558678e+05
-1.665517559339539148e+05
-1.654420901587686967e+05
-1.643362175160504412e+05
-1.632341356085822918e+05
-1.621358420352793764e+05
-1.610413343911862466e+05
-1.599506102674766444e+05
-1.588636672514516395e+05
-1.577805029265384655e+05
-1.567011148722895887e+05
-1.556255006643806119e+05
-1.545536578746098094e+05
-1.534855840708967298e+05
-1.524212768172810320e+05
-1.513607336739213206e+05
-1.503039521970939822e+05
-1.492509299391922541e+05
-1.482016644487248268e+05
-1.471561532703153789e+05
-1.461143939447009470e+05
-1.450763840087316930e+05
-1.440421209953688085e+05
-1.430116024336849805e+05
-1.419848258488625288e+05
-1.409617887621924747e+05
-1.399424886910745408e+05
-1.389269231490152888e+05
-1.379150896456281189e+05
-1.369069856866321061e+05
-1.359026087738513015e+05
-1.349019564054501243e+05
-1.339050260764195118e+05
-1.329118152783366386e+05
-1.319223214988724794e+05
-1.309365422217852902e+05
-1.299544749269147869e+05
-1.289761170901767910e+05
-1.280014661835569423e+05
-1.270305196751051117e+05
-1.260632750289302785e+05
-1.250997297051942442e+05
-1.241398811601065099e+05
-1.231837268459184561e+05
-1.222312642109177541e+05
-1.212824906994234771e+05
-1.203374037517802790e+05
-1.193960008043530397e+05
-1.184582792895217426e+05
-1.175242366356763523e+05
-1.165938702672112267e+05
-1.156671776045199949e+05
-1.147441560639909003e+05
-1.138248030580009799e+05
-1.129091159949116409e+05
-1.119969630542800296e+05
-1.110882125272718258e+05
-1.101828620414400939e+05
-1.092809092203022446e+05
-1.083823516833353788e+05
-1.074871870459713973e+05
-1.065954129195923451e+05
-1.057070269115259871e+05
-1.048220266250409186e+05
-1.039404096593416762e+05
-1.030621736095650122e+05
-1.021873160667745396e+05
-1.013158346179567743e+05
-1.004477268460167106e+05
-9.958299032977316529e+04
-9.872162264395458624e+04
-9.786362135919509456e+04
-9.700898404202959500e+04
-9.615770825489051640e+04
-9.530979155610245652e+04
-9.446523149987938814e+04
-9.362402563631953672e+04
-9.278617151140212081e+04
-9.195166666698292829e+04
-9.112050864079035819e+04
-9.029269496642216109e+04
-8.946822317334078252e+04
-8.864709078687010333e+04
-8.782929532800288871e+04
-8.701483431284246035e+04
-8.620370525278244168e+04
-8.539590565504645929e+04
-8.459143302267626859e+04
-8.379028485451894812e+04
-8.299245864521432668e+04
-8.219795188518380746e+04
-8.140676206061663106e+04
-8.061888665345893241e+04
-7.983432314140140079e+04
-7.905306899786693975e+04
-7.827512169199972413e+04
-7.750047868865239434e+04
-7.672913744837488048e+04
-7.596109542740252800e+04
-7.519635007764515467e+04
-7.443489884667447768e+04
-7.367673917771363631e+04
-7.292186850962555036e+04
-7.217028427690127864e+04
-7.142198390965000726e+04
-7.067696483358647674e+04
-6.993522447002120316e+04
-6.919676023584860377e+04
-6.846156954353651963e+04
-6.772964980111597106e+04
-6.700099841216928326e+04
-6.627561277582077309e+04
-6.555349028672510758e+04
-6.483462833505729213e+04
-6.411902430650242604e+04
-6.340667558224522509e+04
-6.269757953895931132e+04
-6.199173354879836552e+04
-6.128913497938425280e+04
-6.058978119379887357e+04
-5.989366955057228915e+04
-5.920079740367480554e+04
-5.851116210250603035e+04
-5.782476099188509397e+04
-5.714159141204180196e+04
-5.646165069860639051e+04
-5.578493618260044605e+04
-5.511144519042782485e+04
-5.444117504386394285e+04
-5.377412306004855782e+04
-5.311028655147505924e+04
-5.244966282598208636e+04
-5.179224918674468063e+04
-5.113804293226427399e+04
-5.048704135639593005e+04
-4.983924174906336702e+04
-4.919464139620866627e+04
-4.855323757904325612e+04
-4.791502757402346469e+04
-4.728000865282746963e+04
-4.664817808233178221e+04
-4.601953312458703294e+04
-4.539407103679608554e+04
-4.477178907129005529e+04
-4.415268447550572455e+04
-4.353675449196249247e+04
-4.292399635823955759e+04
-4.231440730695426464e+04
-4.170798456573858857e+04
-4.110472535721748136e+04
-4.050462689898698591e+04
-3.990768640359141864e+04
-3.931390107850218192e+04
-3.872326812609611079e+04
-3.813578474363312125e+04
-3.755144812323595397e+04
-3.697025545186782256e+04
-3.639220391131169163e+04
-3.581729067814908922e+04
-3.524551292373961769e+04
-3.467686781419953331e+04
-3.411135251038172282e+04
-3.354896416785521433e+04
-3.298969993688398972e+04
-3.243355696240789257e+04
-3.188053238402190618e+04
-3.133062333595613018e+04
-3.078382694705668837e+04
-3.024014034076500684e+04
-2.969956063509918749e+04
-2.916208494263421744e+04
-2.862771037048287690e+04
-2.809643402027641423e+04
-2.756825298814568669e+04
-2.704316436470253393e+04
-2.652116523502045311e+04
-2.600225267861667089e+04
-2.548642376943351701e+04
-2.497367557581979781e+04
-2.446400516051310115e+04
-2.395740958062163554e+04
-2.345388588760606945e+04
-2.295343112726230174e+04
-2.245604233970330097e+04
-2.196171655938564800e+04
-2.147045081521919928e+04
-2.098224213049211539e+04
-2.049708752270019613e+04
-2.001498400350706652e+04
-1.953592857870436274e+04
-1.905991824817284942e+04
-1.858695000584237278e+04
-1.811702083965367638e+04
-1.765012773151881993e+04
-1.718626765728322789e+04
-1.672543758668727241e+04
-1.626763448332785629e+04
-1.581285530462116003e+04
-1.536109700176422484e+04
-1.491235651969839819e+04
-1.446663079707161523e+04
-1.402391676620184444e+04
-1.358421135304006748e+04
-1.314751147713372484e+04
-1.271381405159085989e+04
-1.228311598304403014e+04
-1.185541417161445133e+04
-1.143070551087660715e+04
-1.100898688782216050e+04
-1.059025518282619305e+04
-1.017450726961111650e+04
-9.761740015212912112e+03
-9.351950279946206138e+03
-8.945134917370509356e+03
-8.541290774255758151e+03
-8.140414690549252555e+03
-7.742503499341662973e+03
-7.347554026834201068e+03
-6.955563092305092141e+03
-6.566527508077211678e+03
-6.180444079485721886e+03
-5.797309604845242575e+03
-5.417120875417720526e+03
-5.039874675381230190e+03
-4.665567781797610223e+03
-4.294196964581497014e+03
-3.925758986469358206e+03
-3.560250602988060564e+03
-3.197668562424136326e+03
-2.838009605793748051e+03
-2.481270466812420636e+03
-2.127447871864307672e+03
-1.776538539803586900e+03
-1.428539181681815535e+03
-1.083446500849677250e+03
-7.412571931055281311e+02
-4.019679466134402901e+02
-6.557544182101264596e+01
2.679236486225854605e+02
5.985326599469408393e+02
9.262549353414215147e+02
1.251093826035270467e+03
1.573052691377233714e+03
1.892134898914722726e+03
2.208343824472744018e+03
2.521682852231897414e+03
2.832155374806607142e+03
3.139764793321955949e+03
3.444514517490984872e+03
3.746407965691061690e+03
4.045448565040016547e+03
4.341639751471346244e+03
4.634984969809418544e+03
4.925487673844210804e+03
5.213151326405117288e+03
5.497979399435222149e+03
5.779975374064175412e+03
6.059142740680603310e+03
6.335484999004984275e+03
6.609005658161127940e+03
6.879708236747886986e+03
7.147596262909937650e+03
7.412673274407861754e+03
7.674942818688927218e+03
7.934408452955773100e+03
8.191073744236258790e+03
8.444942269451683387e+03
8.696017615484772250e+03
8.944303379247896373e+03
9.189803167749661952e+03
9.432520598162431270e+03
9.672459297888213769e+03
9.909622904624091461e+03
1.014401506642880850e+04
1.037563944178633392e+04
1.060449969967151992e+04
1.083059951961319894e+04
1.105394259184133261e+04
1.127453261835384183e+04
1.149237331292359158e+04
1.170746840020688251e+04
1.191982161585567519e+04
1.212943670662748627e+04
1.233631743049644865e+04
1.254046755676227622e+04
1.274189086615899578e+04
1.294059115096344613e+04
1.313657221510214731e+04
1.332983787425886840e+04
1.352039195597940125e+04
1.370823829977819696e+04
1.389338075724244118e+04
1.407582319213589653e+04
1.425556948050227948e+04
1.443262351076840423e+04
1.460698918384523131e+04
1.477867041322961450e+04
1.494767112510511652e+04
1.511399525844142772e+04
1.527764676509355195e+04
1.543862960990052670e+04
1.559694777078321204e+04
1.575260523884138092e+04
1.590560601845011115e+04
1.605595412735547870e+04
1.620365359676978551e+04
1.634870847146585584e+04
1.649112280987109989e+04
1.663090068415994756e+04
1.676804618034628220e+04
1.690256339837540872e+04
1.703445645221485756e+04
1.716372946994449012e+04
1.729038659384660423e+04
1.741443198049417697e+04
1.753586980083934031e+04
1.765470424030115828e+04
1.777093949885223992e+04
1.788457979110488668e+04
1.799562934639654122e+04
1.810409240782447159e+04
1.820997323202784173e+04
1.831327609057188965e+04
1.841400527072697878e+04
1.851216507583786733e+04
1.860775982568995096e+04
1.870079385687480681e+04
1.879127152315247804e+04
1.887919719581212848e+04
1.896457526403130032e+04
1.904741013523191214e+04
1.912770623543555848e+04
1.920546800961531699e+04
1.928069992204685695e+04
1.935340645665675402e+04
1.942359211736847647e+04
1.949126142844767310e+04
1.955641893484350294e+04
1.961906920252949931e+04
1.967921681884210557e+04
1.973686639281595126e+04
1.979202255551866256e+04
1.984468996038311161e+04
1.989487328353687190e+04
1.994257722413074225e+04
1.998780650466447696e+04
2.003056587131088600e+04
2.007086009423737414e+04
2.010869396792631596e+04
2.014407231149240397e+04
2.017699996899859980e+04
2.020748180976998992e+04
2.023552272870461456e+04
2.026112764658429660e+04
2.028430151038151234e+04
2.030504929356486537e+04
2.032337599640269764e+04
2.033928664626437239e+04
2.035278629792039283e+04
2.036388003378594294e+04
2.037257296411390416e+04
2.037887022713385522e+04
2.038277698912657797e+04
2.038429844448668882e+04
2.038343981578527018e+04
2.038020635383110493e+04
2.037460333773121238e+04
2.036663607494998723e+04
2.035630990136857145e+04
2.034363018134213053e+04
2.032860230775643140e+04
2.031123170208418742e+04
2.029152381443930790e+04
2.026948412363161333e+04
2.024511813721968792e+04
2.021843139156256802e+04
2.018942945187166333e+04
2.015811791226104833e+04
2.012450239579612389e+04
2.008858855454274453e+04
2.005038206961494870e+04
2.000988865122105926e+04
1.996711403870978393e+04
1.992206400061468594e+04
1.987474433469842188e+04
1.982516086799511686e+04
1.977331945685343817e+04
1.971922598697664216e+04
1.966288637346355245e+04
1.960430656084697694e+04
1.954349252313305624e+04
1.948045026383781806e+04
1.941518581602443010e+04
1.934770524233835749e+04
1.927801463572727516e+04
1.920612012080382556e+04
1.913202785584866069e+04
1.905574403565516695e+04
1.897727489452296868e+04
1.889662670923443511e+04
1.881380580201558769e+04
1.872881854348047636e+04
1.864167135555925779e+04
1.855237071440974250e+04
1.846092315331264399e+04
1.836733526555076241e+04
1.827161370727117173e+04
1.817376520033227280e+04
1.807379653513338417e+04
1.797171457342826761e+04
1.786752625112258829e+04
1.776123858105507679e+04
1.765285865576146170e+04
1.754239365022396669e+04
1.742985082460194826e+04
1.731523752694856375e+04
1.719856119590927847e+04
1.707982936340570450e+04
1.695904965730151162e+04
1.683622980405297130e+04
1.671137763134273700e+04
1.658450107069755904e+04
1.645560816008993424e+04
1.632470704652229324e+04
1.619180598859442398e+04
1.605691335806343704e+04
1.592003763779951259e+04
1.578118741619517095e+04
1.564037138065765612e+04
1.549759831113344990e+04
1.535287707366421819e+04
1.520621661397651769e+04
1.505762595110270195e+04
1.490711417103465647e+04
1.475469042040896602e+04
1.460036390022584237e+04
1.444414385959948413e+04
1.428603958954010159e+04
1.412606041676993482e+04
1.396421569757000543e+04
1.380051481165946461e+04
1.363496715610823594e+04
1.346758213928109035e+04
1.329836917481361888e+04
1.312733767562173307e+04
1.295449704794213176e+04
1.277985668540652841e+04
1.260342596314684488e+04
1.242521423193300143e+04
1.224523081234400161e+04
1.206348498896975070e+04
1.187998600696050562e+04
1.169474308949126862e+04
1.150776548094907776e+04
1.131906249706493691e+04
1.112864357471885160e+04
1.093651832146570086e+04
1.074269656478264369e+04
1.054718840103596449e+04
1.035000424417038448e+04
1.015115487411734648e+04
9.950651484925765544e+03
9.748505732612917200e+03
9.544729782735696062e+03
9.339336357683641836e+03
9.132338783692335710e+03
8.923751037576934323e+03
8.713587793188169599e+03
8.501864467587321997e+03
8.288597266943426803e+03
8.073803232150850818e+03
7.857500284166773781e+03
7.639707266907906160e+03
7.420443921587429941e+03
7.199730734738754109e+03
6.977588725548004732e+03
6.754039233161369339e+03
6.529103705198736861e+03
6.302803487475728616e+03
6.075159614931792021e+03
5.846192603765754029e+03
5.615922244779067114e+03
5.384367397925583646e+03
5.151545788068789989e+03
4.917473801945801824e+03
4.682166286339284852e+03
4.445636347455671057e+03
4.207895151511300355e+03
3.968951733561931178e+03
3.728813187647145241e+03
3.487485768249025568e+03
3.244976565784774721e+03
3.001295213470933959e+03
2.756455584147013724e+03
2.510477477059001103e+03
2.263388294603908435e+03
2.015224709033733234e+03
1.766034319120226428e+03
1.515877296778606251e+03
1.264828023233450949e+03
1.012976715279277414e+03
7.604310425142757595e+02
5.073177344787400216e+02
2.537841772474348545e+02
2.328306436538696289e-10
