-4.599257122463456471e+05
-4.596356008752330090e+05
-4.591455513911620947e+05
-4.586177724982294021e+05
-4.580585798256628914e+05
-4.574737791901613236e+05
-4.568686370710844058e+05
-4.562479069338638219e+05
-4.556158127129152417e+05
-4.549760693051439011e+05
-4.543318674390045926e+05
-4.536858828293208499e+05
-4.530402824761835509e+05
-4.523965607653917396e+05
-4.517560343201491632e+05
-4.511193524188653682e+05
-4.504866648575473810e+05
-4.498576327925484511e+05
-4.492315963040788192e+05
-4.486078506195727969e+05
-4.479857506494827103e+05
-4.473647145686906879e+05
-4.467442225130147417e+05
-4.461238203934647026e+05
-4.455029527724157088e+05
-4.448814406747357571e+05
-4.442590102243383299e+05
-4.436354490408874117e+05
-4.430106044986390625e+05
-4.423843850610256777e+05
-4.417567619614364812e+05
-4.411277632654589834e+05
-4.404974717328932602e+05
-4.398660330041444395e+05
-4.392336330683094566e+05
-4.386003021601351793e+05
-4.379663864918682375e+05
-4.373320601484152139e+05
-4.366974817589595914e+05
-4.360627937835351913e+05
-4.354281307609842042e+05
-4.347936151135765831e+05
-4.341593575382610434e+05
-4.335254568515276769e+05
-4.328918392643949483e+05
-4.322587448919743183e+05
-4.316262337659531040e+05
-4.309943580523967976e+05
-4.303631585176353110e+05
-4.297326643267991021e+05
-4.291028933963368763e+05
-4.284738559197182185e+05
-4.278455471774577745e+05
-4.272179472611450474e+05
-4.265910290510517079e+05
-4.259645920667342143e+05
-4.253387604721012758e+05
-4.247134960302857216e+05
-4.240887663983671810e+05
-4.234645377100685146e+05
-4.228407744485861040e+05
-4.222174470800496056e+05
-4.215945282109879190e+05
-4.209719925988420728e+05
-4.203498171480852179e+05
-4.197279846476936946e+05
-4.191063124268622487e+05
-4.184849437557438505e+05
-4.178638639424285502e+05
-4.172430604402341414e+05
-4.166225227107892279e+05
-4.160022423525137710e+05
-4.153822167267269688e+05
-4.147624415336970706e+05
-4.141429106392191024e+05
-4.135236238011172973e+05
-4.129045827057461138e+05
-4.122856268750753952e+05
-4.116669262424928020e+05
-4.110484922688349616e+05
-4.104303346699851099e+05
-4.098124610907808528e+05
-4.091948837757461006e+05
-4.085776146033826517e+05
-4.079606650130009511e+05
-4.073440459108360228e+05
-4.067277715528814006e+05
-4.061118518822598853e+05
-4.054961280754236504e+05
-4.048807736395063694e+05
-4.042657970917032799e+05
-4.036512064895926742e+05
-4.030370094091117498e+05
-4.024232167597151711e+05
-4.018098351845462457e+05
-4.011968670635393355e+05
-4.005843181163943373e+05
-3.999721935949843610e+05
-3.993604983040587977e+05
-3.987490720723782433e+05
-3.981380871017139871e+05
-3.975275468411241309e+05
-3.969174504751714412e+05
-3.963078005599494791e+05
-3.956985991848248523e+05
-3.950898480210858397e+05
-3.944815482757497230e+05
-3.938737045379525516e+05
-3.932663171410191571e+05
-3.926593822178220726e+05
-3.920527348644668236e+05
-3.914465385059626424e+05
-3.908407917779833078e+05
-3.902354932018414838e+05
-3.896306452538763406e+05
-3.890262466875624959e+05
-3.884222925799526856e+05
-3.878187818710681750e+05
-3.872157136142083327e+05
-3.866130869331203285e+05
-3.860109010629627737e+05
-3.854089948457576102e+05
-3.848075319498695899e+05
-3.842065080888908124e+05
-3.836059228372483631e+05
-3.830057758770015207e+05
-3.824060669595361687e+05
-3.818067959426921443e+05
-3.812079665415177587e+05
-3.806095787873818772e+05
-3.800114648218494840e+05
-3.794137890176108922e+05
-3.788165516644516611e+05
-3.782197531180479564e+05
-3.776233938379531028e+05
-3.770274781353147118e+05
-3.764320066371997818e+05
-3.758369762461523642e+05
-3.752423877560994006e+05
-3.746482420220823260e+05
-3.740545400026545394e+05
-3.734611186612528982e+05
-3.728681469589942135e+05
-3.722756260979443323e+05
-3.716835535503971623e+05
-3.710919306794099975e+05
-3.705007589025433408e+05
-3.699100397328296676e+05
-3.693197746710968204e+05
-3.687299690030525089e+05
-3.681406241745961597e+05
-3.675517378522629151e+05
-3.669631475288569927e+05
-3.663750185036662151e+05
-3.657873521502343356e+05
-3.652001497829235159e+05
-3.646134165049267467e+05
-3.640271535773046198e+05
-3.634413584908075281e+05
-3.628560324557120912e+05
-3.622711766940203961e+05
-3.616867923647210118e+05
-3.611028806401997572e+05
-3.605192827075413661e+05
-3.599361633875503321e+05
-3.593535200010071276e+05
-3.587713535811485490e+05
-3.581896651785594295e+05
-3.576084557769002859e+05
-3.570277263786735130e+05
-3.564474816922855098e+05
-3.558677226717678714e+05
-3.552884464281217661e+05
-3.547096538689847803e+05
-3.541311823761209380e+05
-3.535531962664769962e+05
-3.529756963779606158e+05
-3.523986872474894044e+05
-3.518221696659682202e+05
-3.512461405820497312e+05
-3.506706007417983492e+05
-3.500955508186782245e+05
-3.495209915134854964e+05
-3.489469234537229640e+05
-3.483733510613972903e+05
-3.478001117797205225e+05
-3.472273657952987705e+05
-3.466551138303593034e+05
-3.460833564421079936e+05
-3.455120942428524722e+05
-3.449413277928861789e+05
-3.443710614701459417e+05
-3.438012958366781240e+05
-3.432320277497411007e+05
-3.426632577755457023e+05
-3.420949865377700189e+05
-3.415270517259284388e+05
-3.409596168468812248e+05
-3.403926862871940830e+05
-3.398262606189537328e+05
-3.392603367168041877e+05
-3.386949151567498338e+05
-3.381299965751071577e+05
-3.375655815504402271e+05
-3.370016707224537968e+05
-3.364382684243507683e+05
-3.358753752981346333e+05
-3.353128256219043396e+05
-3.347507825937639573e+05
-3.341892468617820414e+05
-3.336282190130626550e+05
-3.330676996988097671e+05
-3.325076932554723462e+05
-3.319482003362640389e+05
-3.313892177841020166e+05
-3.308307462562341243e+05
-3.302726240821231040e+05
-3.297150141859371215e+05
-3.291579172295071185e+05
-3.286013375513182255e+05
-3.280452758149242727e+05
-3.274897288755125483e+05
-3.269346974004614167e+05
-3.263801819899997208e+05
-3.258261833141787793e+05
-3.252727019749245956e+05
-3.247197423812259221e+05
-3.241671432485869154e+05
-3.236150632968043210e+05
-3.230635030868503964e+05
-3.225124632086332422e+05
-3.219619443281471613e+05
-3.214119470346206799e+05
-3.208624757162499009e+05
-3.203135309515212430e+05
-3.197651096580743324e+05
-3.192172124066588003e+05
-3.186698398383724270e+05
-3.181228310329263913e+05
-3.175763481051016133e+05
-3.170303954084314173e+05
-3.164849734895873116e+05
-3.159400792437772034e+05
-3.153957132101587486e+05
-3.148518760015441803e+05
-3.143085681481202482e+05
-3.137657902546587866e+05
-3.132235465602899785e+05
-3.126818376605472295e+05
-3.121404992994227214e+05
-3.115996931147158612e+05
-3.110594196915100329e+05
-3.105196795292132301e+05
-3.099804732050278690e+05
-3.094418049209207529e+05
-3.089036752449778724e+05
-3.083660809462827165e+05
-3.078290225864019594e+05
-3.072925006386726745e+05
-3.067565156569174142e+05
-3.062209075163607486e+05
-3.056858410571397981e+05
-3.051513168204424437e+05
-2.345829710038474877e+05
-2.340495252391823451e+05
-2.335166194216816803e+05
-2.329842540786195314e+05
-2.324524296453068964e+05
-2.319211503389070276e+05
-2.313904165847047116e+05
-2.308602251961445436e+05
-2.303304164879739983e+05
-2.298011510688542621e+05
-2.292724294164816965e+05
-2.287442518969856901e+05
-2.282166226789363427e+05
-2.276895421625660383e+05
-2.271630071481475024e+05
-2.266370180328583228e+05
-2.261115753045675810e+05
-2.255866793557115598e+05
-2.250623306702355621e+05
-2.245383737245612429e+05
-2.240149685908916872e+05
-2.234921120634436375e+05
-2.229698045230265707e+05
-2.224480464439956122e+05
-2.219268382024460589e+05
-2.214061802688305033e+05
-2.208860766891079838e+05
-2.203665279283825657e+05
-2.198475306769956369e+05
-2.193290853976036888e+05
-2.188110333930606721e+05
-2.182935341812748811e+05
-2.177765882192797144e+05
-2.172601995288434555e+05
-2.167443685616391595e+05
-2.162290919997508172e+05
-2.157143702924587997e+05
-2.152002037855865201e+05
-2.146865929245519219e+05
-2.141733831070274464e+05
-2.136607333764741779e+05
-2.131486405109674670e+05
-2.126371048448947840e+05
-2.121261268142340705e+05
-2.116157067487364984e+05
-2.111058450805393513e+05
-2.105965457862961921e+05
-2.100878092927628895e+05
-2.095796322670356021e+05
-2.090720151335793780e+05
-2.085648001832210575e+05
-2.080581458616570453e+05
-2.075520525878181215e+05
-2.070465243137973011e+05
-2.065415614531330648e+05
-2.060371606655749492e+05
-2.055333223624250968e+05
-2.050300468436677475e+05
-2.045273345299751963e+05
-2.040251857341922587e+05
-2.035236044981314917e+05
-2.030224336874252185e+05
-2.025218274878570810e+05
-2.020217862963610678e+05
-2.015223103955209372e+05
-2.010234001779065002e+05
-2.005250559209722560e+05
-2.000272816379729193e+05
-1.995300775992782437e+05
-1.990334405620845500e+05
-1.985373707936242572e+05
-1.980418686734447256e+05
-1.975467776668640436e+05
-1.970522549459496513e+05
-1.965583044997435063e+05
-1.960649265809867065e+05
-1.955721179412156343e+05
-1.950798788301203167e+05
-1.945882096123957308e+05
-1.940971105327027617e+05
-1.936065819514700561e+05
-1.931166277142992476e+05
-1.926272481756584020e+05
-1.921382838144712732e+05
-1.916498911303948844e+05
-1.911620704734277097e+05
-1.906748220709272427e+05
-1.901881462686707382e+05
-1.897020468853124767e+05
-1.892165242606833926e+05
-1.887315750139058800e+05
-1.882471994823451969e+05
-1.877633978785138461e+05
-1.872801705355948070e+05
-1.867973621848868788e+05
-1.863151322180534480e+05
-1.858334809604433831e+05
-1.853524050240411307e+05
-1.848719047318053781e+05
-1.843919802792881965e+05
-1.839126319853105233e+05
-1.834338600405626930e+05
-1.829556683359770686e+05
-1.824780570552669233e+05
-1.820010229309775168e+05
-1.815244113618422998e+05
-1.810483774366077268e+05
-1.805729214598865947e+05
-1.800980436777449213e+05
-1.796237480323614436e+05
-1.791500346946448553e+05
-1.786769003943993594e+05
-1.782043452974336687e+05
-1.777323696981710382e+05
-1.772608195606929949e+05
-1.767898493741922430e+05
-1.763194629839731497e+05
-1.758496605442392174e+05
-1.753804387845526799e+05
-1.749117978574687731e+05
-1.744437380466702743e+05
-1.739762595008828212e+05
-1.735093625006751390e+05
-1.730430507352569257e+05
-1.725773244801944238e+05
-1.721120268665095791e+05
-1.716473116320523550e+05
-1.711831790497825714e+05
-1.707196292552119703e+05
-1.702566625181915006e+05
-1.697942825037889997e+05
-1.693324894768287777e+05
-1.688712800295582856e+05
-1.684106544256077032e+05
-1.679506127890354837e+05
-1.674911553803681163e+05
-1.670321296119008912e+05
-1.665736919712483068e+05
-1.661158427125120652e+05
-1.656585784258849453e+05
-1.652018993643096765e+05
-1.647458056386921089e+05
-1.642902974988772185e+05
-1.638353750519718742e+05
-1.633810420556243625e+05
-1.629272986108315527e+05
-1.624741414483668050e+05
-1.620214187370088766e+05
-1.615692826480421354e+05
-1.611177334206503001e+05
-1.606667711488325149e+05
-1.602163995680476073e+05
-1.597666187661655713e+05
-1.593174254748167587e+05
-1.588688197804230731e+05
-1.584208019128968590e+05
-1.579733719548806548e+05
-1.575265301332031377e+05
-1.570801288816606975e+05
-1.566343195003450383e+05
-1.561890986496049445e+05
-1.557444663847822230e+05
-1.553004229256546823e+05
-1.548569683426123811e+05
-1.544141028527047019e+05
-1.539718299982809112e+05
-1.535301499915968161e+05
-1.530890594184162910e+05
-1.526485584903171984e+05
-1.522084969533460098e+05
-1.517690253304155194e+05
-1.513301438291718368e+05
-1.508918559680339531e+05
-1.504541619498180808e+05
-1.500170583605473512e+05
-1.495805454023806378e+05
-1.491446231236066087e+05
-1.487092917236412177e+05
-1.482745512473441195e+05
-1.478404053423482110e+05
-1.474067045729871606e+05
-1.469735951547364239e+05
-1.465410772803096916e+05
-1.461091509861504892e+05
-1.456778164622229524e+05
-1.452470737415371696e+05
-1.448169264497681870e+05
-1.443873746140033472e+05
-1.439584149780873558e+05
-1.435300475681520766e+05
-1.431022725658935378e+05
-1.426749413791557890e+05
-1.422482028017296107e+05
-1.418220604371158406e+05
-1.413965143005065038e+05
-1.409715611389208352e+05
-1.405472009666208178e+05
-1.401234339558078209e+05
-1.397002601173042785e+05
-1.392776796205487917e+05
-1.388555479897791520e+05
-1.384340132851559902e+05
-1.380130722570438520e+05
-1.375927249078238383e+05
-1.371729714001817629e+05
-1.367538117330567329e+05
-1.363352460663663805e+05
-1.359172777950787568e+05
-1.354999070741096511e+05
-1.350831304934627842e+05
-1.346669482075072592e+05
-1.342512132531255484e+05
-1.338360728502467391e+05
-1.334215271725577186e+05
-1.330075795909498702e+05
-1.325942302525820560e+05
-1.321814757510853815e+05
-1.317693162342869327e+05
-1.313577516823524493e+05
-1.309467822415067931e+05
-1.305364078896312858e+05
-1.301266321440680185e+05
-1.297173088976208237e+05
-1.293085809983733343e+05
-1.289004485886335024e+05
-1.284929116406558314e+05
-1.280859702950879582e+05
-1.276796245218396652e+05
-1.272738778189626173e+05
-1.268687301513428683e+05
-1.264641782948578475e+05
-1.260602222146679997e+05
-1.256568620463354746e+05
-1.252539526110361912e+05
-1.248516391841964796e+05
-1.244499252441879362e+05
-1.240488107476310688e+05
-1.236482924783337512e+05
-1.232483703931616619e+05
-1.228490446217326098e+05
-1.224503151184592280e+05
-1.220521820111792767e+05
-1.216546485826843418e+05
-1.212577149566430016e+05
-1.208612335668071755e+05
-1.204653487195349880e+05
-1.200700605383089860e+05
-1.196753689689920284e+05
-1.192812741332326550e+05
-1.188877792909844429e+05
-1.184948845596450265e+05
-1.181025865606450825e+05
-1.177108854119116440e+05
-1.173197810516785248e+05
-1.169292735959936399e+05
-1.165392197781436844e+05
-1.161497662168478128e+05
-1.157609130230486626e+05
-1.153726568237245083e+05
-1.149849977303239284e+05
-1.145979356721779332e+05
-1.142114707588044112e+05
-1.138256029169104877e+05
-1.134403355196564225e+05
-1.130556684210983803e+05
-1.126715983919787104e+05
-1.122879831532382523e+05
-1.119049650119925500e+05
-1.115225440733426367e+05
-1.111407202578326687e+05
-1.107594969424481969e+05
-1.103788740433108178e+05
-1.099988483884705347e+05
-1.096194198952526785e+05
-1.092405886660144315e+05
-1.088623546164293657e+05
-1.084847178478843416e+05
-1.081075403510410688e+05
-1.077309634045221610e+05
-1.073549838480945327e+05
-1.069796015933345770e+05
-1.066048167392452597e+05
-1.062306291956449277e+05
-1.058570390604662243e+05
-1.054840494839611929e+05
-1.051116605604214128e+05
-1.047397286210863385e+05
-1.043683940915098647e+05
-1.039976570669953944e+05
-1.036275174511402147e+05
-1.032579753380799084e+05
-1.028890338563449332e+05
-1.025206930963034392e+05
-1.021529497279892094e+05
-1.017858038431114401e+05
-1.014192553394961287e+05
-1.010533043076022295e+05
-1.006878113728133030e+05
-1.003229191060012672e+05
-9.995862759327678941e+04
-9.959493351346289273e+04
-9.923183695394615643e+04
-9.886933780567377107e+04
-9.850743615468824282e+04
-9.814613188985938905e+04
-9.778542829128471203e+04
-9.742532524274714524e+04
-9.706581962946115527e+04
-9.670677314701228170e+04
-9.634832406628149329e+04
-9.599047246857255232e+04
-9.563321823543886421e+04
-9.527656462614273187e+04
-9.492051151702500647e+04
-9.456505580435506999e+04
-9.421019738203077577e+04
-9.385593639292224543e+04
-9.350227276161522605e+04
-9.314920656509394757e+04
-9.279660375597648090e+04
-9.244460149444872513e+04
-9.209319669250090374e+04
-9.174238922504778020e+04
-9.139217917038395535e+04
-9.104256640306656482e+04
-9.069355100174935069e+04
-9.034513598699448630e+04
-8.999732143503817497e+04
-8.965010407004732406e+04
-8.930348397122439928e+04
-8.895732505239057355e+04
-8.861176335225260118e+04
-8.826679895048163598e+04
-8.792243484926910605e+04
-8.757867112565250136e+04
-8.723550451848463854e+04
-8.689293510761635844e+04
-8.655096276405081153e+04
-8.620958756765467115e+04
-8.586880938864639029e+04
-8.552863141977356281e+04
-8.518891871745814569e+04
-8.484980305555328960e+04
-8.451128451392630814e+04
-8.417336296077858424e+04
-8.383603847581404261e+04
-8.349931402490695473e+04
-8.316318968473351561e+04
-8.282766221966693411e+04
-8.249273170892358758e+04
-8.215839801760291448e+04
-8.182466122460662154e+04
-8.149138755690801190e+04
-8.115871381140832091e+04
-8.082664006379863713e+04
-8.049516309185366845e+04
-8.016428297366376501e+04
-7.983399957030487712e+04
-7.950431295938038966e+04
-7.917522300064418232e+04
-7.884673283503984567e+04
-7.851884231771423947e+04
-7.819154845839098562e+04
-7.786471867450588616e+04
-7.753848548140993807e+04
-7.721284895481663989e+04
-7.688780894673056901e+04
-7.656336851403536275e+04
-7.623952744652103866e+04
-7.591628277210704982e+04
-7.559363434704142855e+04
-7.527158225077338284e+04
-7.494999489923560759e+04
-7.462900381616177037e+04
-7.430861211294081295e+04
-7.398881964651041199e+04
-7.366962347116740420e+04
-7.335102344847068889e+04
-7.303301966599404113e+04
-7.271561198652512394e+04
-7.239880049968900857e+04
-7.208258807903819252e+04
-7.176697481317393249e+04
-7.145182735496142413e+04
-7.113727599693409866e+04
-7.082332083365111612e+04
-7.050996173161803745e+04
-7.019719878712214995e+04
-6.988503485863492824e+04
-6.957347004106180975e+04
-6.926250120779767167e+04
-6.895212845830107108e+04
-6.864235166110331193e+04
-6.833317091711738613e+04
-6.802445716578565771e+04
-6.771634241143817781e+04
-6.740882675417984137e+04
-6.710190708790498320e+04
-6.679558351699612103e+04
-6.648985591147694504e+04
-6.618472437687328784e+04
-6.588018878335662885e+04
-6.557625219101569382e+04
-6.527291446662490489e+04
-6.497017276112578111e+04
-6.466789931330410764e+04
-6.436622186296473956e+04
-6.406514051917823963e+04
-6.376465515212394530e+04
-6.346476880588714266e+04
-6.316548134688538266e+04
-6.286678994820738444e+04
-6.256869447938463418e+04
-6.227119505147816380e+04
-6.197429153356421739e+04
-6.167798403720086208e+04
-6.138214903802855406e+04
-6.108691293490963290e+04
-6.079227291364036500e+04
-6.049822884615394287e+04
-6.020478085155674489e+04
-5.991192880559980404e+04
-5.961967283215693897e+04
-5.932801570520130917e+04
-5.903695755000313511e+04
-5.874649535129149444e+04
-5.845662924199993722e+04
-5.816723416242148960e+04
-5.787843519568454940e+04
-5.759023248139623320e+04
-5.730262878513801843e+04
-5.701562424733809894e+04
-5.672921588392939884e+04
-5.644340384251868818e+04
-5.615818801985500613e+04
-5.587356856732588494e+04
-5.558954538425942883e+04
-5.530612147972045932e+04
-5.502317319693363970e+04
-5.474082139190461021e+04
-5.445906622510036686e+04
-5.417790760187222622e+04
-5.389734568595391465e+04
-5.361738038471993059e+04
-5.333801469832530711e+04
-5.305924853230139706e+04
-5.278107921981863910e+04
-5.250338428074319381e+04
-5.222628627879475243e+04
-5.194978538828843739e+04
-5.167388152273831656e+04
-5.139857767129904823e+04
-5.112387374505313346e+04
-5.084976710778835695e+04
-5.057625767550460296e+04
-5.030334562994207954e+04
-5.003103088812291389e+04
-4.975931363398593385e+04
-4.948807564082555473e+04
-4.921743802622013027e+04
-4.894739818321622442e+04
-4.867795603104110342e+04
-4.840911175883113174e+04
-4.814086528631683905e+04
-4.787321681738359621e+04
-4.760616907262220047e+04
-4.733972226356650935e+04
-4.707387354803265771e+04
-4.680862313525850186e+04
-4.654385152539762203e+04
-4.627967838004231453e+04
-4.601610392619983759e+04
-4.575313086663326249e+04
-4.549075943602807820e+04
-4.522898684995004442e+04
-4.496781335756508633e+04
-4.470723893416102510e+04
-4.444726383953605546e+04
-4.418788805798965041e+04
-4.392911458355304785e+04
-4.367082550125726266e+04
-4.341313626771321287e+04
-4.315604716835694853e+04
-4.289955820896109799e+04
-4.264366968455666211e+04
-4.238838160879886709e+04
-4.213369698691950180e+04
-4.187961583609826630e+04
-4.162613576508255210e+04
-4.137325680231762817e+04
-4.112097926984296646e+04
-4.086918688169674715e+04
-4.061799628968420438e+04
-4.036741050624422496e+04
-4.011742957287933677e+04
-3.986805115138634574e+04
-3.961927529351029079e+04
-3.937110234995343490e+04
-3.912353237831027946e+04
-3.887656573672150262e+04
-3.863020514147856738e+04
-3.838445095405954635e+04
-3.813918589779338799e+04
-3.789452503254951444e+04
-3.765046873427479295e+04
-3.740701707907917444e+04
-3.716417044937948231e+04
-3.692193155449489132e+04
-3.668030077914433787e+04
-3.643927558120951289e+04
-3.619885643463960150e+04
-3.595904350366041763e+04
-3.571983719532075338e+04
-3.548112461377354339e+04
-3.524302178359072423e+04
-3.500552912981965346e+04
-3.476864416661841096e+04
-3.453236733678367455e+04
-3.429669877409405308e+04
-3.406163893472304335e+04
-3.382718796356482198e+04
-3.359334890793805243e+04
-3.336012191899056779e+04
-3.312750489614193793e+04
-3.289538675469171721e+04
-3.266387923886219505e+04
-3.243298284888913622e+04
-3.220269776553957490e+04
-3.197302705261611845e+04
-3.174397089549584780e+04
-3.151552726085711038e+04
-3.128769634721102193e+04
-3.106047868812357774e+04
-3.083376471916364972e+04
-3.060766475537966471e+04
-3.038218187150673475e+04
-3.015731628181476844e+04
-2.993306601598468842e+04
-2.970943130000337260e+04
-2.948641270237008575e+04
-2.926401045580318896e+04
-2.904222513774107210e+04
-2.882105948468134739e+04
-2.860051407828007359e+04
-2.838047876269283006e+04
-2.816106203063979046e+04
-2.794226448081334820e+04
-2.772408636678941548e+04
-2.750652829485805705e+04
-2.728959299278352410e+04
-2.707328106964036124e+04
-2.685759031419799430e+04
-2.664252127391326940e+04
-2.642807412431348348e+04
-2.621424949621083215e+04
-2.600094176766113378e+04
-2.578826004681264749e+04
-2.557620507486531278e+04
-2.536477481673099101e+04
-2.515397007372201188e+04
-2.494379130800976418e+04
-2.473423937521205517e+04
-2.452531478800548939e+04
-2.431702086579659954e+04
-2.410935816534113837e+04
-2.390232523154543014e+04
-2.369581875727238366e+04
-2.348994366986601381e+04
-2.328470100576512050e+04
-2.308009144422522513e+04
-2.287611845041089691e+04
-2.267278274267399684e+04
-2.247008306842035381e+04
-2.226802019399806159e+04
-2.206659529782988830e+04
-2.186580918778572232e+04
-2.166566308714449406e+04
-2.146605841745057842e+04
-2.126709821520757396e+04
-2.106878141632367624e+04
-2.087110892761393916e+04
-2.067408208017976722e+04
-2.047770181770127965e+04
-2.028196951189765241e+04
-2.008688845716614742e+04
-1.989246005949220853e+04
-1.969868301165907178e+04
-1.950555876297596842e+04
-1.931298885423212778e+04
-1.912107427734776866e+04
-1.892981653796258615e+04
-1.873921900789800566e+04
-1.854928321020194562e+04
-1.836000795563263819e+04
-1.817139477307721972e+04
-1.798344474967516726e+04
-1.779615940819040406e+04
-1.760953982445987640e+04
-1.742358976009942126e+04
-1.723821318168006837e+04
-1.705350643928942736e+04
-1.686947103988210438e+04
-1.668610803046287037e+04
-1.650341891051398125e+04
-1.632140471432870254e+04
-1.614006914189062081e+04
-1.595941320831043413e+04
-1.577943618286954006e+04
-1.560013907320308499e+04
-1.542152335406211205e+04
-1.524349549305869732e+04
-1.506615148211852647e+04
-1.488949495358939748e+04
-1.471352687469165539e+04
-1.453824652248591883e+04
-1.436365485558775254e+04
-1.418975331701128744e+04
-1.401654285017505754e+04
-1.384402488787024049e+04
-1.367211017598392209e+04
-1.350089244222047273e+04
-1.333037096849264344e+04
-1.316054665986954933e+04
-1.299142092329409206e+04
-1.282299464737385279e+04
-1.265526922761456808e+04
-1.248824766997125698e+04
-1.232193150477233576e+04
-1.215631981821084628e+04
-1.199141454389179125e+04
-1.182712786221003626e+04
-1.166355163837317377e+04
-1.150068851129442919e+04
-1.133854285295418231e+04
-1.117711775210144697e+04
-1.101641392560617533e+04
-1.085643491526698926e+04
-1.069718392143637175e+04
-1.053866492243867833e+04
-1.038088153899763711e+04
-1.022384017555095488e+04
-1.006745848729211139e+04
-9.911825656903034542e+03
-9.756946714196354151e+03
-9.602826286812429316e+03
-9.449469807015964761e+03
-9.296884243031498045e+03
-9.145075412281148601e+03
-8.994046731823240407e+03
-8.843804409735428635e+03
-8.694354190376529004e+03
-8.545702655495028012e+03
-8.397773032634053379e+03
-8.250657040223595686e+03
-8.104361799217702355e+03
-7.958892004531400744e+03
-7.814255135504528880e+03
-7.670458050446934067e+03
-7.527508129661029670e+03
-7.385411535124178044e+03
-7.244176463927491568e+03
-7.103807960371661466e+03
-6.964309440768614877e+03
-6.825606050044181757e+03
-6.687780822761124000e+03
-6.550837451001803856e+03
-6.414778320294397417e+03
-6.279607875490270089e+03
-6.145327462994959205e+03
-6.011936943514563609e+03
-5.879436666341556702e+03
-5.747827294749906287e+03
-5.617108193389140069e+03
-5.487279056014784146e+03
-5.358265598418482114e+03
-5.230140958032279741e+03
-5.102901684582058806e+03
-4.976544777012604754e+03
-4.851067591046681628e+03
-4.726466217046778183e+03
-4.602737109436246101e+03
-4.479877122831938323e+03
-4.357881820183945820e+03
-4.236744062424986623e+03
-4.116460529153468087e+03
-3.996960456852451898e+03
-3.878317650422046427e+03
-3.760539752846758347e+03
-3.643638927293184679e+03
-3.527630281953606755e+03
-3.412530151210667100e+03
-3.298360964425140992e+03
-3.185147824871120974e+03
-3.072920310630404856e+03
-2.961710518173000310e+03
-2.851556520893995184e+03
-2.742432430330256466e+03
-2.634444902624876704e+03
-2.527640711395535618e+03
-2.422068689376348630e+03
-2.317782202480011620e+03
-2.214836462745035533e+03
-2.113292671595583670e+03
-2.013212227620824706e+03
-1.914659607957408298e+03
-1.817638664127851371e+03
-1.722259681302646641e+03
-1.628558789926639292e+03
-1.536554270075575914e+03
-1.446251730982854497e+03
-1.357637982818589080e+03
-1.270685021888930351e+03
-1.185349002080387436e+03
-1.101572806659038179e+03
-1.019282673322770279e+03
-9.383917802653159015e+02
-8.587498018016922288e+02
-7.802894004347035661e+02
-7.028792599579319358e+02
-6.263740419165696949e+02
-5.506160570626961999e+02
-4.754614304674905725e+02
-4.008478483513463289e+02
-3.268357433395576663e+02
-2.536089333795243874e+02
-1.814716265730094165e+02
-1.108511878994759172e+02
-4.225048235792201012e+01
2.362310892302775756e+01
8.598689911729888991e+01
1.439466538049164228e+02
1.964900227251928300e+02
2.425000674393377267e+02
2.807400895430473611e+02
3.098738176731858402e+02
3.284456953571643680e+02
3.349070638155099005e+02