2.261568207819797564e+06
2.256124683334982023e+06
2.250686392752695829e+06
2.245253803999613971e+06
2.239827307788364589e+06
2.234407223978111986e+06
2.228993807918120641e+06
2.223587256776456721e+06
2.218187715857725590e+06
2.212795284905844834e+06
2.207410024390056729e+06
2.202031961775965523e+06
2.196661097781618126e+06
2.191297412618617062e+06
2.185940872218267526e+06
2.180591434442762285e+06
2.175249055281402543e+06
2.169913694877949078e+06
2.164585321453008335e+06
2.159263911938855425e+06
2.153949451242962852e+06
2.148641931485107634e+06
2.143341351236302406e+06
2.138047714759542607e+06
2.132761031252376735e+06
2.127481314091297332e+06
2.122208580077948049e+06
2.116942848687155638e+06
2.111684141316779889e+06
2.106432480539382435e+06
2.101187889355718624e+06
2.095950390450047096e+06
2.090720005447260803e+06
2.085496754181911470e+06
2.080280654180243146e+06
2.075071720562512055e+06
2.069869966177407186e+06
2.064675401750140125e+06
2.059488036030182149e+06
2.054307875938647892e+06
2.049134926715326263e+06
2.043969192065359559e+06
2.038810674305569613e+06
2.033659374510428635e+06
2.028515292657681974e+06
2.023378427773613250e+06
2.018248778077960247e+06
2.013126341128476895e+06
2.008011113965140423e+06
2.002903093254010193e+06
1.997802275430729147e+06
1.992708656843675533e+06
1.987622233896760037e+06
1.982543003191872034e+06
1.977470961670736782e+06
1.972406106733400607e+06
1.967348436281176051e+06
1.962297948698297841e+06
1.957254642824892187e+06
1.952218517930012662e+06
1.947189573684739415e+06
1.942167810135343811e+06
1.937153227676518261e+06
1.932145827024670318e+06
1.927145609191283118e+06
1.922152575456338469e+06
1.917166727341805818e+06
1.912188066585197579e+06
1.907216595113186631e+06
1.902252315015290864e+06
1.897295228517621290e+06
1.892345337956696050e+06
1.887402645753318444e+06
1.882467154386520619e+06
1.877538866367571056e+06
1.872617784214047948e+06
1.867703910423977301e+06
1.862797247450035997e+06
1.857897797673818190e+06
1.853005563380168984e+06
1.848120546731581911e+06
1.843242749744773144e+06
1.838372174280793872e+06
1.833508822048809845e+06
1.828652694612139836e+06
1.823803793394274078e+06
1.818962119684881065e+06
1.814127674645796884e+06
1.809300459317001514e+06
1.804480474622580688e+06
1.799667721376672387e+06
1.794862200289399363e+06
1.790063911972787231e+06
1.785272856946666492e+06
1.780489035644563613e+06
1.775712448419573018e+06
1.770943095550217666e+06
1.766180977246294497e+06
1.761426093654703815e+06
1.756678444865266792e+06
1.751938030916525051e+06
1.747204851801529992e+06
1.742478907473612577e+06
1.737760197852143086e+06
1.733048722828273429e+06
1.728344482270666398e+06
1.723647476031208877e+06
1.718957703950712690e+06
1.714275165864599170e+06
1.709599861608569045e+06
1.704931791024259990e+06
1.700270953965199646e+06
1.695617350302531850e+06
1.690970979926155414e+06
1.686331842742676381e+06
1.681699938674211036e+06
1.677075267657193821e+06
1.672457829641189659e+06
1.667847624587705359e+06
1.663244652469007764e+06
1.658648913266942836e+06
1.654060406971758232e+06
1.649479133580929134e+06
1.644905093097985722e+06
1.640338285531346686e+06
1.635778710893150885e+06
1.631226369198097382e+06
1.626681260462283622e+06
1.622143384702050593e+06
1.617612741932827514e+06
1.613089332167982357e+06
1.608573155417672824e+06
1.604064211687702453e+06
1.599562500978378579e+06
1.595068023283373332e+06
1.590580778588587185e+06
1.586100766871016705e+06
1.581627988097624388e+06
1.577162442224211758e+06
1.572704129194294102e+06
1.568253048937981017e+06
1.563809201370857190e+06
1.559372586392867612e+06
1.554943203887205571e+06
1.550521053719202289e+06
1.546106135735221906e+06
1.541698449761539930e+06
1.537297995603354881e+06
1.532904773044546135e+06
1.528518781848007347e+06
1.524140021755960071e+06
1.519768492490268312e+06
1.515404193752751220e+06
1.511047125225495314e+06
1.506697286571166012e+06
1.502354677433318226e+06
1.498019297436706722e+06
1.493691146187595092e+06
1.489370223274064483e+06
1.485056528266320471e+06
1.480750060717001092e+06
1.476450820161483483e+06
1.472158806118187262e+06
1.467874018088881625e+06
1.463596455558987800e+06
1.459326117997883353e+06
1.455063004859203473e+06
1.450807115581144113e+06
1.446558449586761650e+06
1.442317006284274161e+06
1.438082785067360383e+06
1.433855785315458663e+06
1.429636006394064520e+06
1.425423447655028198e+06
1.421218108436852228e+06
1.417019988064984791e+06
1.412829085852116579e+06
1.408645401098474860e+06
1.404468933092115913e+06
1.400299681109219557e+06
1.396137644414378796e+06
1.391982822260893416e+06
1.387835213891058229e+06
1.383694818536455743e+06
1.379561635418241611e+06
1.375435663746654522e+06
1.371316902719218750e+06
1.367205351521598175e+06
1.363101009329585824e+06
1.359003875309056137e+06
1.354913948615923058e+06
1.350831228396092542e+06
1.346755713785420638e+06
1.342687403909665998e+06
1.338626297884448431e+06
1.334572394815202337e+06
1.330525693797133863e+06
1.326486193915176671e+06
1.322453894243948162e+06
1.318428793847705470e+06
1.314410891780302860e+06
1.310400187085147714e+06
1.306396678795157233e+06
1.302400365932715591e+06
1.298411247509631095e+06
1.294429322527093347e+06
1.290454589975630399e+06
1.286487048835067078e+06
1.282526698074481916e+06
1.278573536652164534e+06
1.274627563515574671e+06
1.270688777601300273e+06
1.266757177835014183e+06
1.262832763131435029e+06
1.258915532394283451e+06
1.255005484516242053e+06
1.251102618378914427e+06
1.247206932852782542e+06
1.243318426797167864e+06
1.239437099060190143e+06
1.235562948478725739e+06
1.231695973878367804e+06
1.227836174073387170e+06
1.223983547866689973e+06
1.220138094049779698e+06
1.216299811402716208e+06
1.212468698694076156e+06
1.208644754680914106e+06
1.204827978110648459e+06
1.201018367721218150e+06
1.197215922239195323e+06
1.193420640379663557e+06
1.189632520846255822e+06
1.185851562331193360e+06
1.182077763515322236e+06
1.178311123068151530e+06
1.174551639647891745e+06
1.170799311901491601e+06
1.167054138464675983e+06
1.163316117961983429e+06
1.159585249006803846e+06
1.155861530201415066e+06
1.152144960137021029e+06
1.148435537393788341e+06
1.144733260540883755e+06
1.141038128136511426e+06
1.137350138727949932e+06
1.133669290851588827e+06
1.129995583032965660e+06
1.126329013786803000e+06
1.122669581617044983e+06
1.119017285016894573e+06
1.115372122468848946e+06
1.111734092444737209e+06
1.108103193405756261e+06
1.104479423802507576e+06
1.100862782075033290e+06
1.097253266652852297e+06
1.093650875954996794e+06
1.090055608390048379e+06
1.086467462356173899e+06
1.082886436241161544e+06
1.079312528422456933e+06
1.075745737267198507e+06
1.072186061132254079e+06
1.068633498364255531e+06
1.065088047299635364e+06
1.061549706264662091e+06
1.058018473575474927e+06
1.054494347538120579e+06
1.050977326448587701e+06
1.047467408592842286e+06
1.043964592246863060e+06
1.040468875677125528e+06
1.036980257140959147e+06
1.033498734886115650e+06
1.030024307150448672e+06
1.026556972161923302e+06
1.023096728138626320e+06
1.019643573288776213e+06
1.016197505810732022e+06
1.012758523893003818e+06
1.009326625714263180e+06
1.005901809443351347e+06
1.002484073239290388e+06
9.990734152512925211e+05
9.956698336187701207e+05
9.922733264713452663e+05
9.888838919288599864e+05
9.855015281013855711e+05
9.821262330892325845e+05
9.787580049829611089e+05
9.753968418633902911e+05
9.720427418016081210e+05
9.686957028589812107e+05
9.653557230871648062e+05
9.620228005281127989e+05
9.586969332140872721e+05
9.553781191676685121e+05
9.520663564017650206e+05
9.487616429196232930e+05
9.454639767148371320e+05
9.421733557713588234e+05
9.388897780635075178e+05
9.356132415559801739e+05
9.323437442038613372e+05
9.290812839526324533e+05
9.258258587381823454e+05
9.225774664868162945e+05
9.193361051152676810e+05
9.161017725307059009e+05
9.128744666307473090e+05
9.096541853034647647e+05
9.064409264273983426e+05
9.032346878715637140e+05
9.000354674954642542e+05
8.968432631490987260e+05
8.936580726729724556e+05
8.904798938981073443e+05
8.873087246460511815e+05
8.841445627288876567e+05
8.809874059489876963e+05
8.778372520989323966e+05
8.746940989617877640e+05
8.715579443112050649e+05
8.684287859114361927e+05
8.653066215173474047e+05
8.621914488744339906e+05
8.590832657188356388e+05
8.559820697773494758e+05
8.528878587674451992e+05
8.498006303972799797e+05
8.467203823657121975e+05
8.436471123623158783e+05
8.405808180673958268e+05
8.375214971520013642e+05
8.344691472779409960e+05
8.314237660977963824e+05
8.283853512549372390e+05
8.253539003835362382e+05
8.223294111085811164e+05
8.193118810458923690e+05
8.163013078021344263e+05
8.132976889748314861e+05
8.103010221523826476e+05
8.073113049140737858e+05
8.043285348300947808e+05
8.013527094615511596e+05
7.983838263604801614e+05
7.954218830698644742e+05
7.923309382255508099e+05
7.891109893524555955e+05
7.858979728645773139e+05
7.826918862688220106e+05
7.794927270631133579e+05
7.763004927364040632e+05
7.731151807686930988e+05
7.699367886310380418e+05
7.667653137855699752e+05
7.636007536855069920e+05
7.604431057751690969e+05
7.572923674899924081e+05
7.541485362565424293e+05
7.510116094925287180e+05
7.478815846068190876e+05
7.447584589994540438e+05
7.416422300616591237e+05
7.385328951758616604e+05
7.354304517157028895e+05
7.323348970460523851e+05
7.292462285230231937e+05
7.261644434925070964e+05
7.230895392901170999e+05
7.200215132426663768e+05
7.169603626682474278e+05
7.139060848762374371e+05
7.108586771673038602e+05
7.078181368334132712e+05
7.047844611578350887e+05
7.017576474151511211e+05
6.987376928712609224e+05
6.957245947833866812e+05
6.927183504000829998e+05
6.897189569612413179e+05
6.867264116980975959e+05
6.837407118332386017e+05
6.807618545806081966e+05
6.777898371455154847e+05
6.748246567246399354e+05
6.718663105060388334e+05
6.689147956691537984e+05
6.659701093848180026e+05
6.630322488152619917e+05
6.601012111141222995e+05
6.571769934264458716e+05
6.542595928886986803e+05
6.513490066287717782e+05
6.484452317659878172e+05
6.455482654111094307e+05
6.426581046663434245e+05
6.397747466253507882e+05
6.368981883732515853e+05
6.340284269866314717e+05
6.311654595335510094e+05
6.283092830735491589e+05
6.254598946576537564e+05
6.226172913283857051e+05
6.197814701197675895e+05
6.169524280573301949e+05
6.141301621581187937e+05
6.113146694307015277e+05
6.085059468751752283e+05
6.057039914831726346e+05
6.029088002378707752e+05
6.001203701139953919e+05
5.973386980778309517e+05
5.945637810872257687e+05
5.917956160915996879e+05
5.890342000319508370e+05
5.862795298408640083e+05
5.835316024425162468e+05
5.807904147526845336e+05
5.780559636799045838e+05
5.753282461258699186e+05
5.726072589842882007e+05
5.698929991404896136e+05
5.671854634714347776e+05
5.644846488457159139e+05
5.617905521235626657e+05
5.591031701568472199e+05
5.564224997890861705e+05
5.537485378554484341e+05
5.510812811827561818e+05
5.484207265894922893e+05
5.457668708858033642e+05
5.431197108735034708e+05
5.404792433460808825e+05
5.378454650887011085e+05
5.352183728782113176e+05
5.325979634831463918e+05
5.299842336637314875e+05
5.273771801718890201e+05
5.247767997512414586e+05
5.221830891371169128e+05
5.195960450565537903e+05
5.170156642283052206e+05
5.144419433628444094e+05
5.118748791623688303e+05
5.093144683208053466e+05
5.067607075238151010e+05
5.042135934487984050e+05
5.016731227648989297e+05
4.991392921330099925e+05
4.966120982057780493e+05
4.940915376276082825e+05
4.915776070346704219e+05
4.890703030549015384e+05
4.865696223080137279e+05
4.840755614054966718e+05
4.815881169506248552e+05
4.791072855384615250e+05
4.766330637558631133e+05
4.741654481814864557e+05
4.717044353857913520e+05
4.692500219310480170e+05
4.668022043713415042e+05
4.643609792525758967e+05
4.619263431124812923e+05
4.594982924806172960e+05
4.570768238783804700e+05
4.546619338190071285e+05
4.522536188075805549e+05
4.498518753410358913e+05
4.474566999081650283e+05
4.450680889885791112e+05
4.426860390522051603e+05
4.403105465603247285e+05
4.379416079660735559e+05
4.355792197144378442e+05
4.332233782422475051e+05
4.308740799781726673e+05
4.285313213427187875e+05
4.261950987482215278e+05
4.238654085988427978e+05
4.215422472905653995e+05
4.192256112111893017e+05
4.169154967403267510e+05
4.146119002493978478e+05
4.123148181016272865e+05
4.100242466520376038e+05
4.077401822474477813e+05
4.054626212264676578e+05
4.031915599194935057e+05
4.009269946487054694e+05
3.986689217280615121e+05
3.964173374632955529e+05
3.941722381519123446e+05
3.919336200831839815e+05
3.897014795381466392e+05
3.874758127895954531e+05
3.852566161020828877e+05
3.830438857319136150e+05
3.808376179271414876e+05
3.786378089275662787e+05
3.764444549647299573e+05
3.742575522619138937e+05
3.720770970341346692e+05
3.699030854881417472e+05
3.677355138224135153e+05
3.655743782271551900e+05
3.634196748842941597e+05
3.612713999674790539e+05
3.591295496420750860e+05
3.569941200651617255e+05
3.548651073855306022e+05
3.527425077436808497e+05
3.506263172718191054e+05
3.485165320938541554e+05
3.464131483253962360e+05
3.443161620737537742e+05
3.422255694379303604e+05
3.401413665086238179e+05
3.380635493682222441e+05
3.359921140908026136e+05
3.339270567421284504e+05
3.318683733796470333e+05
3.298160600529997610e+05
3.277701128050745465e+05
3.257305276714868378e+05
3.236973006795106921e+05
3.216704278480669018e+05
3.196499051877111197e+05
3.176357287006210536e+05
3.156278943805857562e+05
3.136263982129930519e+05
3.116312361748181283e+05
3.096424042346121278e+05
3.076598983524907380e+05
3.056837144801223185e+05
3.037138485607167240e+05
3.017502965290152933e+05
2.997930543112773448e+05
2.978421178252720274e+05
2.958974829802648164e+05
2.939591456770086661e+05
2.920271018077326007e+05
2.901013472561300732e+05
2.881818778973503504e+05
2.862686895979861729e+05
2.843617782160651404e+05
2.824612688258215785e+05
2.805672863772690762e+05
2.786798264714074321e+05
2.767988847006289288e+05
2.749244566487106495e+05
2.730565378908028360e+05
2.711951239934200421e+05
2.693402105144320522e+05
2.674917930030529387e+05
2.656498669998329133e+05
2.638144280366487801e+05
2.619854716366939247e+05
2.601629933144701645e+05
2.583469885757784359e+05
2.565374529177092481e+05
2.547343818286347669e+05
2.529377707881995011e+05
2.511476152673114557e+05
2.493639107281342149e+05
2.475866526240778621e+05
2.458158363997910637e+05
2.440514574911524542e+05
2.422935113252622541e+05
2.405419933204352856e+05
2.387968988861911930e+05
2.370582234232481569e+05
2.353259623235140461e+05
2.336001109700789675e+05
2.318806647367989644e+05
2.301676189870862290e+05
2.284609690742988605e+05
2.267607103429117706e+05
2.250668381284894422e+05
2.233793477576600853e+05
2.216982345480879303e+05
2.200234938084483147e+05
2.183551208384004422e+05
2.166931109285620041e+05
2.150374593604831025e+05
2.133881614066206384e+05
2.117452123303133994e+05
2.101086073857557494e+05
2.084783418179727159e+05
2.068544108627957758e+05
2.052368097468374763e+05
2.036255336874662898e+05
2.020205778927833308e+05
2.004219375615969766e+05
1.988296078833988868e+05
1.972435840383409522e+05
1.956638611972099170e+05
1.940904345214052591e+05
1.925232991629142780e+05
1.909624502642899752e+05
1.894078829586275388e+05
1.878595923695405945e+05
1.863175736111400183e+05
1.847818217880090233e+05
1.832523319951826707e+05
1.817290993181250524e+05
1.802121188327060081e+05
1.787013856051804032e+05
1.771968946921662427e+05
1.756986411406218540e+05
1.742066199878260959e+05
1.727208262613550760e+05
1.712412549790628254e+05
1.697679011490594130e+05
1.683007597696895245e+05
1.668398258295133710e+05
1.653850943072845694e+05
1.639365601719310507e+05
1.624942183825341053e+05
1.610580638883081265e+05
1.596280916285822168e+05
1.582042965327785350e+05
1.567866735203950666e+05
1.553752175009842031e+05
1.539699233741345815e+05
1.525707860295264982e+05
1.511778003484844230e+05
1.497909612038671039e+05
1.484102634584452026e+05
1.470357019648491405e+05
1.456672715655188076e+05
1.443049670926537365e+05
1.429487833681614138e+05
1.415987152036097832e+05
1.402547574001755565e+05
1.389169047485962510e+05
1.375851520291208290e+05
1.362594940114612691e+05
1.349399254547436722e+05
1.336264411074607633e+05
1.323190357074243948e+05
1.310177039817171171e+05
1.297224406466451474e+05
1.284332404076927342e+05
1.271500979594732635e+05
1.258730079856859520e+05
1.246019651590674184e+05
1.233369641413469799e+05
1.220779995832000859e+05
1.208250661242054775e+05
1.195781583927981555e+05
1.183372710062256083e+05
1.171023985705040395e+05
1.158735356803731993e+05
1.146506769192540087e+05
1.134338168592047878e+05
1.122229500608770177e+05
1.110180710734743625e+05
1.098191744347098283e+05
1.086262546707615256e+05
1.074393062962330878e+05
1.062583238141112961e+05
1.050833017157246359e+05
1.039142344807023183e+05
1.027511165769333020e+05
1.015939424605262466e+05
1.004427065757685341e+05
9.929740335508761927e+04
9.815802721901098266e+04
9.702457257612608373e+04
9.589703382304217666e+04
9.477540534435166046e+04
9.365968151259096339e+04
9.254985668820375577e+04
9.144592521950090304e+04
9.034788144271960482e+04
8.925571968226181343e+04
8.816943425053171813e+04
8.708901944756833836e+04
8.601446956096217036e+04
8.494577886576997116e+04
8.388294162443233654e+04
8.282595208668941632e+04
8.177480448949942365e+04
8.072949305695528165e+04
7.969001200020359829e+04
7.865635551736457273e+04
7.762851779344957322e+04
7.660649300028244033e+04
7.559027529641799629e+04
7.457985882706521079e+04
7.357523772400664166e+04
7.257640610552066937e+04
7.158335807630512863e+04
7.059608772739814594e+04
6.961458913610223681e+04
6.863885636590793729e+04
6.766888346641883254e+04
6.670466447327518836e+04
6.574619340807897970e+04
6.479346427832124755e+04
6.384647107730666175e+04
6.290520778408087790e+04
6.196966836335789412e+04
6.103984676544694230e+04
6.011573692618170753e+04
5.919733276684815064e+04
5.828462819411372766e+04
5.737761709995754063e+04
5.647629336160002276e+04
5.558065084143355489e+04
5.469068338695308194e+04
5.380638483068952337e+04
5.292774899013899267e+04
5.205476966769807041e+04
5.118744065059442073e+04
5.032575571082299575e+04
4.946970860507804900e+04
4.861929307468747720e+04
4.777450284554995596e+04
4.693533162806741893e+04
4.610177311708405614e+04
4.527382099182065576e+04
4.445146891544479877e+04
4.363471053448179737e+04
4.282353947903728113e+04
4.201794936312269419e+04
4.121793378447648138e+04
4.042348632439132780e+04
3.963460054753720760e+04
3.885127000178862363e+04
3.807348821805184707e+04
3.730124871009355411e+04
3.653454497437039390e+04
3.577337048985809088e+04
3.501771871788427234e+04
3.426758310195989907e+04
3.352295706761209294e+04
3.278383402221975848e+04
3.205020735484780744e+04
3.132207043608417735e+04
3.059941661787498742e+04
2.988223923336621374e+04
2.917053159673931077e+04
2.846428700305428356e+04
2.776349872808856890e+04
2.706816002818057314e+04
2.637826414007274434e+04
2.569380428075511009e+04
2.501477364731021225e+04
2.434116541675990447e+04
2.367297274591214955e+04
2.301018877120874822e+04
2.235280660857539624e+04
2.170081935326987877e+04
2.105422007973445579e+04
2.041300184144824743e+04
1.977715767077822238e+04
1.914668057883577421e+04
1.852156355532957241e+04
1.790179956842213869e+04
1.728738156458735466e+04
1.667830246846703812e+04
1.607455518273171037e+04
1.547613258793856949e+04
1.488302754239365458e+04
1.429523288201307878e+04
1.371274142018565908e+04
1.313554594745766371e+04
1.256363922922126949e+04
1.199701400570198894e+04
1.143566299389721826e+04
1.087957888733642176e+04
1.032875435584783554e+04
9.783182045322842896e+03
9.242854577484540641e+03
8.707764549656305462e+03
8.177904534530825913e+03
7.653267079943791032e+03
7.133844708645250648e+03
6.619629918076097965e+03
6.110615180143155158e+03
5.606792940996121615e+03
5.108155620808247477e+03
4.614695613555610180e+03
4.126405286799184978e+03
3.643276981468778104e+03
3.165303011647425592e+03
2.692475664358120412e+03
2.224787199351470917e+03
1.762229848894756287e+03
1.304795817562378943e+03
8.524772820291109383e+02
4.052663908624090254e+02
-3.684473568201065063e+01
-4.738640058627352118e+02
-9.057993566561490297e+02
-1.332658753956202418e+03
-1.754450192773714662e+03
-2.171181697433348745e+03
-2.582861321770586073e+03
-2.989497149326372892e+03
-3.391097293539904058e+03
-3.787669897940941155e+03
-4.179223136339802295e+03
-4.565765213016420603e+03
-4.947304362907540053e+03
-5.323848851792979985e+03
-5.695406976479571313e+03
-6.061987064985558391e+03
-6.423597476720344275e+03
-6.780246600388549268e+03
-7.131942853513639420e+03
-7.478694685436319560e+03
-7.820510578999295831e+03
-8.157399051344487816e+03
-8.489368654704652727e+03
-8.816427977192215621e+03
-9.138585643581580371e+03
-9.455850316087715328e+03
-9.768230695141479373e+03
-1.007573552015889436e+04
-1.037837357030808926e+04
-1.067615366526925936e+04
-1.096908466599229723e+04
-1.125717547544836998e+04
-1.154043503937870264e+04
-1.181887234703823924e+04
-1.209249643193464726e+04
-1.236131637256313115e+04
-1.262534129313658923e+04
-1.288458036431204528e+04
-1.313904280391195789e+04
-1.338873787764133886e+04
-1.363367489980161190e+04
-1.387386323399655521e+04
-1.410931229383917525e+04
-1.434003154364926741e+04
-1.456603049914911389e+04
-1.478731872815452516e+04
-1.500390585126122460e+04
-1.521580154252564535e+04
-1.542301553014386445e+04
-1.562555759712401778e+04
-1.582343758195545524e+04
-1.601666537927230820e+04
-1.620525094051426277e+04
-1.638920427458127961e+04
-1.656853544848458841e+04
-1.674325458799442276e+04
-1.691337187816668302e+04
-1.707889756375271827e+04
-1.723984194949036464e+04
-1.739621540025109425e+04
-1.754802834116248414e+04
-1.769529125773208216e+04
-1.783801469596615061e+04
-1.797620926248747855e+04
-1.810988562465319410e+04
-1.823905451066745445e+04
-1.836372670969460160e+04
-1.848391307196905836e+04
-1.859962450890429318e+04
-1.871087199319899082e+04
-1.881766655894229189e+04
-1.892001930171623826e+04
-1.901794137869682163e+04
-1.911144400875223801e+04
-1.920053847254114226e+04
-1.928523611260671169e+04
-1.936554833346977830e+04
-1.944148660172149539e+04
-1.951306244611088187e+04
-1.958028745763376355e+04
-1.964317328961752355e+04
-1.970173165780398995e+04
-1.975597434043325484e+04
-1.980591317832143977e+04
-1.985156007493985817e+04
-1.989292699648998678e+04
-1.993002597197797149e+04
-1.996286909328680485e+04
-1.999146851524664089e+04
-2.001583645570278168e+04
-2.003598519558226690e+04
-2.005192708044825122e+04
-2.006367452346626669e+04
-2.007124000978469849e+04
-2.007463610274903476e+04
-2.007387545043788850e+04
-2.006897079216549173e+04
-2.005993496494553983e+04
-2.004678090992290527e+04
-2.002952167876716703e+04
-2.000817044003074989e+04
-1.998274048547307029e+04
-1.995324523634742945e+04
-1.991969824965251610e+04
-1.988211322434898466e+04
-1.984050400753971189e+04
-1.979488460061512887e+04
-1.974526916536130011e+04
-1.969167203003540635e+04
-1.963410769540164620e+04
-1.957259084073547274e+04
-1.950713632978824899e+04
-1.943775921672070399e+04
-1.936447475199634209e+04
-1.928729838824272156e+04
-1.920624578607361764e+04
-1.912133281988045201e+04
-1.903257558358227834e+04
-1.893999039634503424e+04
-1.884359380826214328e+04
-1.874340260600065812e+04
-1.863943381840782240e+04
-1.853170471991971135e+04
-1.842023282608203590e+04
-1.830503588131396100e+04
-1.818613184467004612e+04
-1.806353887567017227e+04
-1.793727532020164654e+04
-1.780735969649255276e+04
-1.767381068115402013e+04
-1.753664709529513493e+04
-1.739588789070677012e+04
-1.725155213611759245e+04
-1.710365900352131575e+04
-1.695222775457147509e+04
-1.679727772705117241e+04
-1.663882832141080871e+04
-1.647689898737613112e+04
-1.631150921062985435e+04
-1.614267849956126884e+04
-1.597042637208756059e+04
-1.579477234254637733e+04
-1.561573590865824372e+04
-1.543333653856022283e+04
-1.524759365790989250e+04
-1.505852663706103340e+04
-1.486615477830870077e+04
-1.467049730320507661e+04
-1.447157334501529112e+04
-1.426940198693471029e+04
-1.406400235658651218e+04
-1.385539373571798205e+04
-1.364359566918481141e+04
-1.342862807332258672e+04
-1.321051134370872751e+04
-1.298926646231161430e+04
-1.276491510403109714e+04
-1.253747974262805656e+04
-1.230698375604068860e+04
-1.207345153109263629e+04
-1.183690856758970767e+04
-1.159738158180471510e+04
-1.135489860935229808e+04
-1.110948910745279863e+04
-1.086118405658518896e+04
-1.061001606152951717e+04
-1.035601945179840550e+04
-1.009923038145713508e+04
-9.839686928333714604e+03
-9.577429187878500670e+03
-9.312499217105098069e+03
-9.044940702321473509e+03
-8.774798494142014533e+03
-8.502118142436724156e+03
-8.226945433919783682e+03
-7.949325932377018034e+03
-7.669304521532729268e+03
-7.386924950556829572e+03
-7.102229382210876793e+03
-6.815257943633478135e+03
-6.526048279765993357e+03
-6.234635109416674823e+03
-5.941049783964641392e+03
-5.645319848703220487e+03
-5.347468606823123991e+03
-5.047514701435808092e+03
-4.745472532002255321e+03
-4.441354664926417172e+03
-4.135175500271841884e+03
-3.826955007125623524e+03
-3.516722436989191920e+03
-3.204520015200600028e+03
-2.890406610381789505e+03
-2.574461381917353719e+03
-2.256787405458278954e+03
-1.937515276456717402e+03
-1.616806690811645240e+03
-1.294858003837056458e+03
-9.719037694744765759e+02
-6.482202574126422405e+02
-3.241289471290074289e+02
3.259629011154174805e-09