6.651142054873406887e+05
6.636240153354373761e+05
6.621364678722083336e+05
6.606514484059060924e+05
6.591688610001689522e+05
6.576886269316233229e+05
6.562106831502697896e+05
6.547349807436122792e+05
6.532614834059934365e+05
6.517901659114147769e+05
6.503210125892231008e+05
6.488540158034240594e+05
6.473891744356263662e+05
6.459264923716124613e+05
6.444659769915394718e+05
6.430076376637684880e+05
6.415514842423216905e+05
6.400975256037593354e+05
6.386457686947850743e+05
6.371962183788294205e+05
6.357488776142668212e+05
6.343037476381935412e+05
6.328608281497659627e+05
6.314201174931008136e+05
6.299816128397375578e+05
6.285453103706603870e+05
6.271112054578838870e+05
6.256792928455981892e+05
6.242495668308774475e+05
6.228220214439475676e+05
6.213966506280178437e+05
6.199734484186718473e+05
6.185524091228211764e+05
6.171335274963254342e+05
6.157167988703784067e+05
6.143022191730889026e+05
6.128897848947859602e+05
6.114794930517744506e+05
6.100713411501769442e+05
6.086653271498623071e+05
6.072614494284600951e+05
6.058597067454614444e+05
6.044600982064065756e+05
6.030626232271578629e+05
6.016672814982599812e+05
6.002740729493859690e+05
5.988829977138694376e+05
5.974940560933237430e+05
5.961072485223463736e+05
5.947225755333108827e+05
5.933400377212440362e+05
5.919596357087902725e+05
5.905813701112612616e+05
5.892052415017728927e+05
5.878312503764267312e+05
5.864593971248018788e+05
5.850896820193937747e+05
5.837221052203347208e+05
5.823566667817559792e+05
5.809933666581345024e+05
5.796322047106235987e+05
5.782731807133688126e+05
5.769162943598090205e+05
5.755615452689613448e+05
5.742089329916911665e+05
5.728584570169670042e+05
5.715101167780999094e+05
5.701639116589673795e+05
5.688198410002224846e+05
5.674779041054876288e+05
5.661381002475320129e+05
5.648004286744358251e+05
5.634648886157367378e+05
5.621314792885631323e+05
5.608001999037509086e+05
5.594710496719456278e+05
5.581440278096884722e+05
5.568191335454878863e+05
5.554963661258758511e+05
5.541757248214479769e+05
5.528572089328890434e+05
5.515408177962143673e+05
5.502265507850237191e+05
5.489144073097456712e+05
5.476043868160798447e+05
5.462964887834404362e+05
5.449907127234051004e+05
5.436870581781662768e+05
5.423855247189872898e+05
5.410861119446610101e+05
5.397888194799734047e+05
5.384936469741704641e+05
5.372005940994286211e+05
5.359096605493290117e+05
5.346208460373359267e+05
5.333341502952785231e+05
5.320495730718362611e+05
5.307671141310289968e+05
5.294867732507089386e+05
5.282085502210590057e+05
5.269324448430922348e+05
5.256584569271572400e+05
5.243865862914453028e+05
5.231168327605034574e+05
5.218491961637493805e+05
5.205836763339911122e+05
5.193202731059502112e+05
5.180589863147889264e+05
5.167998157946406864e+05
5.155427613771444885e+05
5.142878228899835958e+05
5.130350001555430354e+05
5.117842929901120951e+05
5.105357012033576611e+05
5.092892245981083252e+05
5.080448629706053180e+05
5.068026161107525695e+05
5.055624838023666525e+05
5.043244658234251547e+05
5.030885619463154580e+05
5.018547719380824128e+05
5.006230955606750213e+05
4.993935325711935875e+05
4.981660827221348882e+05
4.969407457616380416e+05
4.957175214337285724e+05
4.944964094785626512e+05
4.932774096326706349e+05
4.920605216291995603e+05
4.908457451981554041e+05
4.896330800666445284e+05
4.884225259591148933e+05
4.872140825975957559e+05
4.860077497019379516e+05
4.848035269900525454e+05
4.836014141781495418e+05
4.824014109809752554e+05
4.812035171120500891e+05
4.800077322839045664e+05
4.788140562083156547e+05
4.776224885965419235e+05
4.764330291595583549e+05
4.752456776082902215e+05
4.740604336538469652e+05
4.728772970077545615e+05
4.716962673821882345e+05
4.705173444901970215e+05
4.693405280458604102e+05
4.681658177643315285e+05
4.669932133617834188e+05
4.658227145553118316e+05
4.646543210628381930e+05
4.634880326030130964e+05
4.623238488951195613e+05
4.611617696589769330e+05
4.600017946148448391e+05
4.588439234833276132e+05
4.576881559852784849e+05
4.565344918417045847e+05
4.553829307736717747e+05
4.542334725022099447e+05
4.530861167482184246e+05
4.519408632323716884e+05
4.507977116750255227e+05
4.496566617961227894e+05
4.485177133151004091e+05
4.473808659507953562e+05
4.462461194213523995e+05
4.451134734441305045e+05
4.439829277356108651e+05
4.428544820113041205e+05
4.417281359856584459e+05
4.406038893719676998e+05
4.394817418822796899e+05
4.383616932273050770e+05
4.372437431163258734e+05
4.361278912571047549e+05
4.350141373557944316e+05
4.339024811168472515e+05
4.327929222429250367e+05
4.316854604348088615e+05
4.305800953913101694e+05
4.294768268091802602e+05
4.283756543830221635e+05
4.272765778052009409e+05
4.261795967654798878e+05
4.250847109502318781e+05
4.239919200426854659e+05
4.229012237236403162e+05
4.218126216714718612e+05
4.207261135621353169e+05
4.196416990691696992e+05
4.185593778637022479e+05
4.174791496144525008e+05
4.164010139877364272e+05
4.153249706474704435e+05
4.142510192551757209e+05
4.131791594699824345e+05
4.121093909486335469e+05
4.110417133454891155e+05
4.099761263125305995e+05
4.089126294993646443e+05
4.078512225532272132e+05
4.067919051189880702e+05
4.057346768391543301e+05
4.046795373538749991e+05
4.036264863009446999e+05
4.025755233158081537e+05
4.015266480315637309e+05
4.004798600789678749e+05
3.994351590864391765e+05
3.983925446800622158e+05
3.973520164835916366e+05
3.963135741184563958e+05
3.952772172037635464e+05
3.942429453563024290e+05
3.932107581905485713e+05
3.921806553186677629e+05
3.911526363505199552e+05
3.901267008936635102e+05
3.891028485533590429e+05
3.880810789325732621e+05
3.870613916319831624e+05
3.860437862499799230e+05
3.850282623826729832e+05
3.840148196238937671e+05
3.830034575651997584e+05
3.819941757958786329e+05
3.809869739036264946e+05
3.799818514746043365e+05
3.789788080927596893e+05
3.779778433397660265e+05
3.769789567950180499e+05
3.759821480356272659e+05
3.749874166364169214e+05
3.739947621699177544e+05
3.730041842063632212e+05
3.720156823136850144e+05
3.710292560575083480e+05
3.700449050011475338e+05
3.690626287056014407e+05
3.680824267295488389e+05
3.671042986293442664e+05
3.661282439590130234e+05
3.651542622702472145e+05
3.641823531124009169e+05
3.632125160324861063e+05
3.622447505751680001e+05
3.612790562827607500e+05
3.603154326952230185e+05
3.593538793501537875e+05
3.583943957827878767e+05
3.574369815259916359e+05
3.564816361102588126e+05
3.555283590637059533e+05
3.545771499120685039e+05
3.536280081786963274e+05
3.526809333845495712e+05
3.517359250481943600e+05
3.507929826857987791e+05
3.498521058111285674e+05
3.489132939355430426e+05
3.479765465679908521e+05
3.470418632150058984e+05
3.461092433807034977e+05
3.451786865667757811e+05
3.442501922724881442e+05
3.433237599946748232e+05
3.423993892277350533e+05
3.414770794636291103e+05
3.405568301918741781e+05
3.396386408995403908e+05
3.387225110712469323e+05
3.378084401893154136e+05
3.368964277338826214e+05
3.359864731827428914e+05
3.350785760112325661e+05
3.341727356922303443e+05
3.332689516961573390e+05
3.323672234909772524e+05
3.314675505421964335e+05
3.305699323128641699e+05
3.296743682635729201e+05
3.287808578524582554e+05
3.278894005351992673e+05
3.269999957650187425e+05
3.261126429926831042e+05
3.252273416665030527e+05
3.243440912323334487e+05
3.234628911335735465e+05
3.225837408111673431e+05
3.217066397036037524e+05
3.208315872469169553e+05
3.199585828746863990e+05
3.190876260180372628e+05
3.182187161056405748e+05
3.173518525637136772e+05
3.164870348160202266e+05
3.156242622838705429e+05
3.147635343861221336e+05
3.139048505391796934e+05
3.130482101569954539e+05
3.121936126510696486e+05
3.113410574304506299e+05
3.104905439017351600e+05
3.096420714690690511e+05
3.087956395341471070e+05
3.079512474962136475e+05
3.071088947520627407e+05
3.062685806960387854e+05
3.054303047200366273e+05
3.045940662135019084e+05
3.037598645634315908e+05
3.029276991543741897e+05
3.020975693684302387e+05
3.012694745852526976e+05
3.004434141820472432e+05
2.996193875335726771e+05
2.987973940121413325e+05
2.979774329876195989e+05
2.971595038274281542e+05
2.963436058964519762e+05
2.955297385570103652e+05
2.947179011689486215e+05
2.939080930896691862e+05
2.931003136741328053e+05
2.922945622748594615e+05
2.914908382419293630e+05
2.906891409229841665e+05
2.898894696632276755e+05
2.890918238054271787e+05
2.882962026899142656e+05
2.875026056545861065e+05
2.867110320349061512e+05
2.859214811639057589e+05
2.851339523721845471e+05
2.843484449879120220e+05
2.835649583368282765e+05
2.827834917422453291e+05
2.820040445250481134e+05
2.812266160036953515e+05
2.804512054942210671e+05
2.796778123102352838e+05
2.789064357629252481e+05
2.781370751610567677e+05
2.773697298109747353e+05
2.766043990166049334e+05
2.758410820794546744e+05
2.750797782986139646e+05
2.743204869707570761e+05
2.734272684920481406e+05
2.724001221543325228e+05
2.713749861451375764e+05
2.703518597514841822e+05
2.693307422579832491e+05
2.683116329468359472e+05
2.672945310978357447e+05
2.662794359883689322e+05
2.652663468934161938e+05
2.642552630855534808e+05
2.632461838349534082e+05
2.622391084093864774e+05
2.612340360742219491e+05
2.602309660924292984e+05
2.592298977245792630e+05
2.582308302288453560e+05
2.572337628610043321e+05
2.562386948744383990e+05
2.552456255201356253e+05
2.542545540466914536e+05
2.532654797003101557e+05
2.522784017242919072e+05
2.512933193590099690e+05
2.503102318424233817e+05
2.493291384101025178e+05
2.483500382952293148e+05
2.473729307285972754e+05
2.463978149386129808e+05
2.454246901512954501e+05
2.444535555902777123e+05
2.434844104768068064e+05
2.425172540297440137e+05
2.415520854655661969e+05
2.405889039983656257e+05
2.396277088398509077e+05
2.386684991993473959e+05
2.377112742837977712e+05
2.367560332977629150e+05
2.358027754434219096e+05
2.348514999205731438e+05
2.339022059266346623e+05
2.329548926566448063e+05
2.320095593032627949e+05
2.310662050567695987e+05
2.301248291050681146e+05
2.291854306336841546e+05
2.282480088257669122e+05
2.273125628620896023e+05
2.263790919210504508e+05
2.254475951786725782e+05
2.245180718086056295e+05
2.235905209821258904e+05
2.226649418681366951e+05
2.217413336331699975e+05
2.208196954413860221e+05
2.199000264545749524e+05
2.189823258321568719e+05
2.180665927311828127e+05
2.171528263063356280e+05
2.162410257099302253e+05
2.153311900919149048e+05
2.144233185998716508e+05
2.135174103790170047e+05
2.126134645722031128e+05
2.117114803199178423e+05
2.108114567602862953e+05
2.099133930290710996e+05
2.090172882596732816e+05
2.081231415831330814e+05
2.072309521281310008e+05
2.063407190209881519e+05
2.054524413856673636e+05
2.045661183441734756e+05
2.036817490166908246e+05
2.027993325211859192e+05
2.019188679732716992e+05
2.010403544862098061e+05
2.001637911709113396e+05
1.992891771359386039e+05
1.984165114875066211e+05
1.975457933294840623e+05
1.966770217633955763e+05
1.958101958884222549e+05
1.949453148014038452e+05
1.940823775968400296e+05
1.932213833668914740e+05
1.923623312013819814e+05
1.915052201877993648e+05
1.906500494112972519e+05
1.897968179546967149e+05
1.889455248984872014e+05
1.880961693208287470e+05
1.872487502975529642e+05
1.864032669021646725e+05
1.855597182058435283e+05
1.847181032774453633e+05
1.838784211835041060e+05
1.830406709882327123e+05
1.822048517535252031e+05
1.813709625389578869e+05
1.805390024017911637e+05
1.797089703969708062e+05
1.788808655771298800e+05
1.780546869925899082e+05
1.772304336913625593e+05
1.764081047191515681e+05
1.755876991193536087e+05
1.747692159330606810e+05
1.739526541990609257e+05
1.731380129538408946e+05
1.723252912315867725e+05
1.715144880641858908e+05
1.707056024812287651e+05
1.698986335100101423e+05
1.690935801755311550e+05
1.682904415005007177e+05
1.674892165053368080e+05
1.666899042081689113e+05
1.658925036248387769e+05
1.650970137689026888e+05
1.643034336516328622e+05
1.635117622820190154e+05
1.627219986667703488e+05
1.619341418103168253e+05
1.611481907144497382e+05
1.603641443781465059e+05
1.595820017979286495e+05
1.588017619680327480e+05
1.580234238804067136e+05
1.572469865247056587e+05
1.564724488882882870e+05
1.556998099562131101e+05
1.549290687112346059e+05
1.541602241337998421e+05
1.533932752020440530e+05
1.526282208917877870e+05
1.518650601765326574e+05
1.511037920274579083e+05
1.503444154134170967e+05
1.495869293009337853e+05
1.488313326541988063e+05
1.480776244350661873e+05
1.473258036030497169e+05
1.465758691153198015e+05
1.458278199266993906e+05
1.450816549896611832e+05
1.443373732543237275e+05
1.435949736684482195e+05
1.428544551774353022e+05
1.421158167243212229e+05
1.413790572497751564e+05
1.406441756920953048e+05
1.399111709872061620e+05
1.391800420686547877e+05
1.384507878676077817e+05
1.377234073128482560e+05
1.369978993307724595e+05
1.362742628453866346e+05
1.355524967783037573e+05
1.348326000487408601e+05
1.341145715735153062e+05
1.333984102670425782e+05
1.326841150413323194e+05
1.319716848059860058e+05
1.312611184681936866e+05
1.305524149327308405e+05
1.298455731019560480e+05
1.291405918758071493e+05
1.284374701517992653e+05
1.277362068250215380e+05
1.270368007881339872e+05
1.263392509313654155e+05
1.256435561425097985e+05
1.249497153069239575e+05
1.242577273075249977e+05
1.235675910247869324e+05
1.228793053369156551e+05
1.221928691202111077e+05
1.215082812488889322e+05
1.208255405947129475e+05
1.201446460269928211e+05
1.194655964125823230e+05
1.187883906158772297e+05
1.181130274988133460e+05
1.174395059208644088e+05
1.167678247390403412e+05
1.160979828078850405e+05
1.154299789794748649e+05
1.147638121034163050e+05
1.140994810268443543e+05
1.134369845944209956e+05
1.127763216483325232e+05
1.121174910282888450e+05
1.114604915715205716e+05
1.108053221127782017e+05
1.101519814843299100e+05
1.095004685159598012e+05
1.088507820349667454e+05
1.082029208661618177e+05
1.075568838318674825e+05
1.069127989766991232e+05
1.062707942271454958e+05
1.056308681667838246e+05
1.049930193766959710e+05
1.043572464354670374e+05
1.037235479191836203e+05
1.030919224014327629e+05
1.024623684533002088e+05
1.018348846433687722e+05
1.012094695377172902e+05
1.005861216999188764e+05
9.996483969103987329e+04
9.934562206963822246e+04
9.872846739176241681e+04
9.811337421094975434e+04
9.750034107822540682e+04
9.688936654210102279e+04
9.628044914857356343e+04
9.567358744112402201e+04
9.506877996071591042e+04
9.446602524579479359e+04
9.386532183228642680e+04
9.326666825359594077e+04
9.267006304060679395e+04
9.207550472167925909e+04
9.148299182265007403e+04
9.089252286683057901e+04
9.030409637500625104e+04
8.971771086529432796e+04
8.913336485272739083e+04
8.855105684938968625e+04
8.797078536482178606e+04
8.739254890601255465e+04
8.681634597739065066e+04
8.624217508081637789e+04
8.567003471557341982e+04
8.509992337836057413e+04
8.453183956328383647e+04
8.396578176184825134e+04
8.340174846294976305e+04
8.283973815286741592e+04
8.227974931525532156e+04
8.172178043113485910e+04
8.116582997888675891e+04
8.061189643424353562e+04
8.005997827028133906e+04
7.951007395741285291e+04
7.896218196337914560e+04
7.841630075324245263e+04
7.787242878937860951e+04
7.733056453146913555e+04
7.679070643649448175e+04
7.625285295872623101e+04
7.571700254971976392e+04
7.518315365830727387e+04
7.465130473059020005e+04
7.412145420993224252e+04
7.359360053695202805e+04
7.306774214951647446e+04
7.254387748273334000e+04
7.202200496894423850e+04
7.150212303771788720e+04
7.098423011584335472e+04
7.046832462732272688e+04
6.995440499336493667e+04
6.944246963237854652e+04
6.893251695996534545e+04
6.842454538891359698e+04
6.791855332919140346e+04
6.741453918794041965e+04
6.691250136946886778e+04
6.641243827524571680e+04
6.591434830389393028e+04
6.541822985118394718e+04
6.492408131002797745e+04
6.443190107047313359e+04
6.394168751969572622e+04
6.345343904199497774e+04
6.296715401878650300e+04
6.248283082862268202e+04
6.200046784772875253e+04
6.152006344996602274e+04
6.104161600627365988e+04
6.056512388465239201e+04
6.009058545014914125e+04
5.961799906484119128e+04
5.914736308782047126e+04
5.867867587517865468e+04
5.821193577999074478e+04
5.774714115230087191e+04
5.728429033910634462e+04
5.682338168434251565e+04
5.636441352886834648e+04
5.590738421045057476e+04
5.545229206374974456e+04
5.499913542030483950e+04
5.454791260851849802e+04
5.409862195364292711e+04
5.365126177776488476e+04
5.320583039979159366e+04
5.276232613543630578e+04
5.232074729720375035e+04
5.188109219437651336e+04
5.144335913300048560e+04
5.100754641587124206e+04
5.057365234251983929e+04
5.014167520919907838e+04
4.971161330886988435e+04
4.928346493118756916e+04
4.885722836248832755e+04
4.843290188577584922e+04
4.801048378070769832e+04
4.758997232358250767e+04
4.717136578732600901e+04
4.675466244147892576e+04
4.633986055218288675e+04
4.592695838216843549e+04
4.551595419074164238e+04
4.510684623377141543e+04
4.469963276367704384e+04
4.429431202941527590e+04
4.389088227646821178e+04
4.348934174683084711e+04
4.308968867899826728e+04
4.269192130795400590e+04
4.229603786515770480e+04
4.190203657853300683e+04
4.150991567245579790e+04
4.111967336774198338e+04
4.073130788166855928e+04
4.034481742805812974e+04
3.996020021722768433e+04
3.957745445586845744e+04
3.919657834702299442e+04
3.881757009006349836e+04
3.844042788066912908e+04
3.806514991080411710e+04
3.769173436869587749e+04
3.732017943881265819e+04
3.695048330184270162e+04
3.658264413467189297e+04
3.621666011036292184e+04
3.585252939813362900e+04
3.549025016333593521e+04
3.512982056743488647e+04
3.477123876798769925e+04
3.441450291862315498e+04
3.405961116902064532e+04
3.370656166488991585e+04
3.335535254795080982e+04
3.300598195591277909e+04
3.265844802245497704e+04
3.231274887720623519e+04
3.196888264572527260e+04
3.162684744948090520e+04
3.128664140583260451e+04
3.094826262801105622e+04
3.061170922509871889e+04
3.027697930201096460e+04
2.994407095947675407e+04
2.961298229401989374e+04
2.928371139794029295e+04
2.895625635929522105e+04
2.863061526188103016e+04
2.830678618521452881e+04
2.798476720451493748e+04
2.766455639068572782e+04
2.734615181029657833e+04
2.702955152556591202e+04
2.671475359434273560e+04
2.640175607008929364e+04
2.609055700186372269e+04
2.578115443430270534e+04
2.547354640760412440e+04
2.516773095751029905e+04
2.486370611529110465e+04
2.456146990772685967e+04
2.426102035696501844e+04
2.396235548032238148e+04
2.366547329036868177e+04
2.337037179504544474e+04
2.307704899761243723e+04
2.278550289659388363e+04
2.249573148572526406e+04
2.220773275390057825e+04
2.192150468511914369e+04
2.163704525843355805e+04
2.135435244789766148e+04
2.107342422251449898e+04
2.079425854618521407e+04
2.051685337765724398e+04
2.024120667047402821e+04
1.996731637292413507e+04
1.969518042799073737e+04
1.942479677330213599e+04
1.915616334108123556e+04
1.888927805809699930e+04
1.862413884561473969e+04
1.836074361934745684e+04
1.809909028940729331e+04
1.783917676025710534e+04
1.758100093066284899e+04
1.732456069364573341e+04
1.706985393643483985e+04
1.681687854042020626e+04
1.656563238110567909e+04
1.631611332806292921e+04
1.606831924488511868e+04
1.582224798914080020e+04
1.557789741232839879e+04
1.533526535983104259e+04
1.509434967087174300e+04
1.485514817846822552e+04
1.461765870938880835e+04
1.438187908410828095e+04
1.414780711676413193e+04
1.391544061511289328e+04
1.368477738048683386e+04
1.345581520775146782e+04
1.322855188526236452e+04
1.300298519482323900e+04
1.277911291164357681e+04
1.255693280423514079e+04
1.233644263361801859e+04
1.211764015332830604e+04
1.190052311010356061e+04
1.168508924381691031e+04
1.147133628741162829e+04
1.125926196683640592e+04
1.104886400098074228e+04
1.084014010161056649e+04
1.063308797330490779e+04
1.042770531339221634e+04
1.022398981188773178e+04
1.002193915143085178e+04
9.821551007223082706e+03
9.622823046966339462e+03
9.425752930801711045e+03
9.230338311248575337e+03
9.036576833144179545e+03
8.844466133583686315e+03
8.654003841860219836e+03
8.465187579406076111e+03
8.278014959733700380e+03
8.092483588377246633e+03
7.908591062834602781e+03
7.726334972509881482e+03
7.545712898656260222e+03
7.366722414319054224e+03
7.189361084279604256e+03
7.013626464999048039e+03
6.839516104563139379e+03
6.667027542626718059e+03
6.496158310359343886e+03
6.326905930390814319e+03
6.159267916757264175e+03
5.993241774847730994e+03
5.828825001351069659e+03
5.666015084203216247e+03
5.504809502535033971e+03
5.345205726620508358e+03
5.187201217824942432e+03
5.030793428554432467e+03
4.875979802204994485e+03
4.722757773112156428e+03
4.571124767292174511e+03
4.421078202619566582e+03
4.272615487798699178e+03
4.125734021790442057e+03
3.980431193547090515e+03
3.836704381749383174e+03
3.694550954544101842e+03
3.553968269283999689e+03
3.414953672268427908e+03
3.277504498485825025e+03
3.141618071357603185e+03
3.007291702483315021e+03
2.874522691387333907e+03
2.743308325266814791e+03
2.613645878741517663e+03
2.485532613604678772e+03
2.358965778575395234e+03
2.233942609052639455e+03
2.110460326870204881e+03
1.988516140053863637e+03
1.868107242579339072e+03
1.749230814131791703e+03
1.631884019867167808e+03
1.516064010174246505e+03
1.401767920439131558e+03
1.288992870810092427e+03
1.177735965964617208e+03
1.067994294877396896e+03
9.597649305904051289e+02
8.530449299835599959e+02
7.478313335474813357e+02
6.441211651575285941e+02
5.419114318488864228e+02
4.411991235938621685e+02
3.419812130796490237e+02
2.442546554885338992e+02
1.480163882788037881e+02
5.326333096716552973e+01
-4.000761508673895150e+01
-1.317995668536750600e+02
-2.221156597529770806e+02
-3.109590477132005617e+02
-3.983329031773610041e+02
-4.842404171007219702e+02
-5.686847989481175318e+02
-6.516692766908090562e+02
-7.331970968028763309e+02
-8.132715242576086894e+02
-8.918958425229648128e+02
-9.690733535571489483e+02
-1.044807377803372219e+03
-1.119101254184497520e+03
-1.191958340097451583e+03
-1.263382011406822130e+03
-1.333375662438338622e+03
-1.401942705971770920e+03
-1.469086573233827949e+03
-1.534810713890357874e+03
-1.599118596037966199e+03
-1.662013706195983104e+03
-1.723499549297033809e+03
-1.783579648678307422e+03
-1.842257546071428806e+03
-1.899536801592679694e+03
-1.955420993732521310e+03
-2.009913719344651327e+03
-2.063018593634944409e+03
-2.114739250149810687e+03
-2.165079340764204971e+03
-2.214042535669170320e+03
-2.261632523359265178e+03
-2.307853010619408451e+03
-2.352707722511026077e+03
-2.396200402358663268e+03
-2.438334812265937217e+03
-2.479114734187256545e+03
-2.518543971574283205e+03
-2.556626351690618321e+03
-2.593365728040225804e+03
-2.628765982782002538e+03
-2.662831029132241383e+03
-2.695564813753124326e+03
-2.726971319128642790e+03
-2.757054565927130170e+03
-2.785818615350639448e+03
-2.813267571471747942e+03
-2.839405583556508645e+03
-2.864236848374828696e+03
-2.887765612497576512e+03
-2.909996174580533989e+03
-2.930932887635310180e+03
-2.950580161287216470e+03
-2.968942464019986801e+03
-2.986024325407226570e+03
-3.001830338330939412e+03
-3.016365161187015474e+03
-3.029633520077564754e+03
-3.041640210989862680e+03
-3.052390101962490007e+03
-3.061888135238550603e+03
-3.070139329405385070e+03
-3.077148781521129422e+03
-3.082921669228817336e+03
-3.087463252856628969e+03
-3.090778877503820695e+03
-3.092873974309884943e+03
-3.093754058743943460e+03
-3.093424725966760889e+03
-3.091891645447467454e+03
-3.089160555607639253e+03
-3.085237258492270485e+03
-3.080127614467870444e+03
-3.073837536946870387e+03
-3.066372987139853649e+03
-3.057739968833979219e+03
-3.047944523198530078e+03
-3.036992723617819138e+03
-3.024890670550172217e+03
-3.011644486414967105e+03
-2.997260310505283996e+03
-2.981744293928961270e+03
-2.965102594575029798e+03
-2.947341372108552605e+03
-2.928466782991308719e+03
-2.908484975529951043e+03
-2.887402084950823337e+03
-2.865224228502018377e+03
-2.841957500582095236e+03
-2.817607967895921320e+03
-2.792181664637173526e+03
-2.765684587698080577e+03
-2.738122693835874088e+03
-2.709501914136577398e+03
-2.679828189746011049e+03
-2.649107513361843303e+03
-2.617345970458234660e+03
-2.584549780279747210e+03
-2.550725336604285985e+03
-2.515879248275305144e+03
-2.480018379503162578e+03
-2.443149889935622923e+03
-2.405281274497509003e+03
-2.366420402999618091e+03
-2.326575559516786598e+03
-2.285755481534986757e+03
-2.243969398867688142e+03
-2.201227072341600433e+03
-2.157538832250866108e+03
-2.112915616581682116e+03
-2.067369009004672989e+03
-2.020911276637460105e+03
-1.973555407575913705e+03
-1.925315146386157721e+03
-1.876204973217216320e+03
-1.826239979082136415e+03
-1.775435691216727719e+03
-1.723807898389408365e+03
-1.671372477202792652e+03
-1.618145219386788085e+03
-1.564141660083085299e+03
-1.509376907121622935e+03
-1.453865471288328990e+03
-1.397621097584371455e+03
-1.340656597477267496e+03
-1.282983682143734768e+03
-1.224612796703469940e+03
-1.165552955445135012e+03
-1.105811578043736517e+03
-1.045394332603667863e+03
-9.843052943942602724e+02
-9.225478590485872701e+02
-8.601261310031404719e+02
-7.970463379168650135e+02
-7.333182367706904188e+02
-6.689565116468584165e+02
-6.039821631881641224e+02
-5.384238897369941697e+02
-4.723194601550931111e+02
-4.057170783224282786e+02
-3.386767389727756381e+02
-2.712715753189986572e+02
-2.035891991902608424e+02
-1.357330328043317422e+02
-6.782363180583342910e+01
1.513399183750152588e-09
