-2.078428884833930642e+05
-2.076943844471482444e+05
-2.073891588958404609e+05
-2.070680283203404106e+05
-2.067336702279467136e+05
-2.063885464451885491e+05
-2.060348900821030547e+05
-2.056747166595812596e+05
-2.053098170995125547e+05
-2.049417669528259721e+05
-2.045719188978877210e+05
-2.042014065907085023e+05
-2.038311485048839531e+05
-2.034617532391513232e+05
-2.030938031637197710e+05
-2.027275730243399157e+05
-2.023631262679379724e+05
-2.020003185606423067e+05
-2.016388688273408916e+05
-2.012784775468241132e+05
-2.009188705102375534e+05
-2.005598003797974088e+05
-2.002010461095159990e+05
-1.998424151541925094e+05
-1.994836469266332278e+05
-1.991246889878496877e+05
-1.987654247351757076e+05
-1.984057636610645277e+05
-1.980456406379113614e+05
-1.976850164609520580e+05
-1.973238791483469540e+05
-1.969622402708101436e+05
-1.966001340669445926e+05
-1.962376219996549480e+05
-1.958747826488401042e+05
-1.955116041154531122e+05
-1.951482574457588780e+05
-1.947848168089827523e+05
-1.944213492515709077e+05
-1.940579144149463391e+05
-1.936945691415616893e+05
-1.933313651512053621e+05
-1.929683491873842140e+05
-1.926055629708364431e+05
-1.922429511760845780e+05
-1.918806398644403962e+05
-1.915186537626827194e+05
-1.911570148218224058e+05
-1.907957401734303276e+05
-1.904348420258133847e+05
-1.900743278317027434e+05
-1.897142023278067063e+05
-1.893544633785026963e+05
-1.889951018410519173e+05
-1.886361060930817039e+05
-1.882773666392870946e+05
-1.879189603868793929e+05
-1.875608710113932029e+05
-1.872030852449768572e+05
-1.868455886243492714e+05
-1.864883654198254226e+05
-1.861314030133278284e+05
-1.857746896899028507e+05
-1.854182146590377670e+05
-1.850619680361947685e+05
-1.847059430056215497e+05
-1.843500377064044296e+05
-1.839943365760350716e+05
-1.836388333172680286e+05
-1.832835225381301425e+05
-1.829283997102742433e+05
-1.825734612070589210e+05
-1.822187064180882880e+05
-1.818641334634549567e+05
-1.815097391366666998e+05
-1.811555232860478282e+05
-1.808014865894989343e+05
-1.804475366834242886e+05
-1.800937698694664869e+05
-1.797401915412540548e+05
-1.793868057879260450e+05
-1.790336152758890821e+05
-1.786806251767615904e+05
-1.783278405130533793e+05
-1.779752661146783503e+05
-1.776229065952959354e+05
-1.772707685419208719e+05
-1.769188561631132907e+05
-1.765670773094566539e+05
-1.762155297792085912e+05
-1.758642171815087495e+05
-1.755131429241869773e+05
-1.751623102206056355e+05
-1.748117242498431588e+05
-1.744613878329045838e+05
-1.741113014178755402e+05
-1.737614674376092735e+05
-1.734118881200544420e+05
-1.730625655133450637e+05
-1.727134075189554715e+05
-1.723645119129101513e+05
-1.720158801731702697e+05
-1.716675114047277020e+05
-1.713194067102053668e+05
-1.709715669876159518e+05
-1.706239929675342864e+05
-1.702766851769092900e+05
-1.699296461440115236e+05
-1.695828760281785799e+05
-1.692363726602303504e+05
-1.688900419976977573e+05
-1.685439775055048522e+05
-1.681981786252404854e+05
-1.678526447452611174e+05
-1.675073775064229849e+05
-1.671623764062389382e+05
-1.668176388358481927e+05
-1.664731643732477969e+05
-1.661289526536733028e+05
-1.657850033342097304e+05
-1.654413161284402013e+05
-1.650977991941312212e+05
-1.647545460627012653e+05
-1.644115544002125389e+05
-1.640688240577545366e+05
-1.637263549414472946e+05
-1.633841469785443333e+05
-1.630422001508866379e+05
-1.627005166227640002e+05
-1.623590964506222808e+05
-1.620178438848359219e+05
-1.616768527208977030e+05
-1.613361231267236872e+05
-1.609956552896471112e+05
-1.606554494507068011e+05
-1.603155080300159461e+05
-1.599758313406163070e+05
-1.596364175530349603e+05
-1.592972670523252164e+05
-1.589583802406958421e+05
-1.586197575741013279e+05
-1.582813059595586674e+05
-1.579431216472107335e+05
-1.576052051977507945e+05
-1.572675550275943533e+05
-1.569301717669133213e+05
-1.565930560600953759e+05
-1.562562086027578334e+05
-1.559196300758864381e+05
-1.555833233275577077e+05
-1.552472890149954474e+05
-1.549115256499201641e+05
-1.545759404210824287e+05
-1.542406274231461866e+05
-1.539055872935591033e+05
-1.535708206349613029e+05
-1.532363302189108508e+05
-1.529021166256155120e+05
-1.525681782946897147e+05
-1.522345157853753772e+05
-1.519011296722208208e+05
-1.515680204930765321e+05
-1.512351888018896279e+05
-1.509025439629528555e+05
-1.505701798146402580e+05
-1.502380947268542368e+05
-1.499062891849962762e+05
-1.495747636924470135e+05
-1.492435187139122863e+05
-1.489125547327948734e+05
-1.485818743439823156e+05
-1.482514780105593672e+05
-1.479213640050627873e+05
-1.475915327714666491e+05
-1.472618915692767478e+05
-1.469325339673185372e+05
-1.466034603805997467e+05
-1.462746733314901940e+05
-1.459461732152716431e+05
-1.456179582375430909e+05
-1.452900287751115102e+05
-1.449623851630860008e+05
-1.446350277594394283e+05
-1.443079568800553097e+05
-1.439811750098611810e+05
-1.436545895031968248e+05
-1.433282915923090768e+05
-1.430022816614570620e+05
-1.426765599969585892e+05
-1.423511269199211965e+05
-1.420259827178047562e+05
-1.417011298561558651e+05
-1.413765686227826227e+05
-1.410522971984373289e+05
-1.407283158727432892e+05
-1.404046249714000151e+05
-1.400811320104894112e+05
-1.397579300917425717e+05
-1.394350216831562575e+05
-1.391124070761906914e+05
-1.387900844596496318e+05
-1.384680541266960790e+05
-1.381463164081094437e+05
-1.378248715979486878e+05
-1.375037200283365673e+05
-1.371828641310153762e+05
-1.368623042387980968e+05
-1.365419459412930591e+05
-1.362218821417090658e+05
-1.359021131754915696e+05
-1.355826393396549392e+05
-1.352634609708698117e+05
-1.349445805005707662e+05
-1.346259982659811503e+05
-1.343077124310281361e+05
-1.339897233347264118e+05
-1.336719388868065435e+05
-1.333544518167638162e+05
-1.330372624654099927e+05
-1.327203732632902684e+05
-1.324037845516327652e+05
-1.320874944998689461e+05
-1.317715034509226971e+05
-1.314558117060088553e+05
-1.311404196090609184e+05
-1.308253274617877032e+05
-1.305105377361093852e+05
-1.301959585765615047e+05
-1.298816802986224939e+05
-1.295677031832021021e+05
-1.292540275248956314e+05
-1.289406536650785565e+05
-1.286275818987370440e+05
-1.283148146866998577e+05
-1.280023523185742961e+05
-1.276901930035659752e+05
-1.273783370276768692e+05
-1.270667847203039855e+05
-1.267554444532380148e+05
-1.264444084616836626e+05
-1.261336791890237364e+05
-1.258232569093922357e+05
-1.255131398219686816e+05
-1.252033281973837293e+05
-1.248938223514151032e+05
-1.245846225503203168e+05
-1.242757291059981799e+05
-1.239671443961347541e+05
-1.236588687280299491e+05
-1.233508085948343505e+05
-1.230430559484724508e+05
-1.227356110913473094e+05
-1.224284742747040727e+05
-1.221216457971370255e+05
-1.218151280174417770e+05
-1.215089212296640908e+05
-1.212030235637674195e+05
-1.208974353107830684e+05
-1.205921567092075275e+05
-1.202871880463234993e+05
-1.199824381849222846e+05
-1.196780008877918881e+05
-1.193738764359653142e+05
-1.332491147969561862e+05
-1.329456125527534750e+05
-1.326424217754121637e+05
-1.323395427393595455e+05
-1.320369756644678127e+05
-1.317347229250156670e+05
-1.314327847357945866e+05
-1.311311592596197734e+05
-1.308297556270028144e+05
-1.305286651826191810e+05
-1.302278881748673448e+05
-1.299274247864468780e+05
-1.296272773657195503e+05
-1.293274461150109710e+05
-1.290279291913286579e+05
-1.287287267954903364e+05
-1.284298391824263963e+05
-1.281312665504579491e+05
-1.278330091524615564e+05
-1.275349785012721841e+05
-1.272372656243889505e+05
-1.269398686761881108e+05
-1.266427878488682909e+05
-1.263460233902873442e+05
-1.260495754901590699e+05
-1.257534443942964281e+05
-1.254576323798536323e+05
-1.251621396897489030e+05
-1.248669644177764130e+05
-1.245721068056621298e+05
-1.242774765749353392e+05
-1.239831644260298781e+05
-1.236891705977261008e+05
-1.233954973539065977e+05
-1.231021449304479320e+05
-1.228091114172992529e+05
-1.225163970491720829e+05
-1.222240019998093485e+05
-1.219319265018947044e+05
-1.216400826164112077e+05
-1.213485607646839489e+05
-1.210573590941435250e+05
-1.207664777724935557e+05
-1.204759170274623611e+05
-1.201856770243028004e+05
-1.198957579887245520e+05
-1.196061621598420170e+05
-1.193168897604449594e+05
-1.190279388734955719e+05
-1.187393097206691891e+05
-1.184509126089447673e+05
-1.181628376089242374e+05
-1.178750849393750104e+05
-1.175876568259104097e+05
-1.173005534843694040e+05
-1.170137729943358718e+05
-1.167273155705614190e+05
-1.164411813625498035e+05
-1.161553705905397801e+05
-1.158698834115311329e+05
-1.155847221046386840e+05
-1.152997973158503592e+05
-1.150151966835918720e+05
-1.147309204150661535e+05
-1.144469686505842401e+05
-1.141633415950571507e+05
-1.138800393860863987e+05
-1.135970642870508455e+05
-1.133144164317072864e+05
-1.130320939586885215e+05
-1.127500970001940441e+05
-1.124684257542916021e+05
-1.121869912197243975e+05
-1.119058827230623137e+05
-1.116251025144086161e+05
-1.113446507182019850e+05
-1.110645254706514970e+05
-1.107847268946819677e+05
-1.105052551805524417e+05
-1.102261104485263058e+05
-1.099472928866169968e+05
-1.096688046620363020e+05
-1.093906459595669585e+05
-1.091127260917895619e+05
-1.088351339938391757e+05
-1.085578698482400650e+05
-1.082809337660953315e+05
-1.080043259277051548e+05
-1.077280484854892857e+05
-1.074521016165217152e+05
-1.071764833815122111e+05
-1.069011939563266496e+05
-1.066262334441990679e+05
-1.063516020187898248e+05
-1.060772114204914833e+05
-1.058031522191733093e+05
-1.055294245842742966e+05
-1.052560265732376429e+05
-1.049829583543323242e+05
-1.047102200217965292e+05
-1.044378117417148896e+05
-1.041657336057444190e+05
-1.038939878100795468e+05
-1.036225744425733865e+05
-1.033514916316284362e+05
-1.030806515072566399e+05
-1.028101421855212393e+05
-1.025399638250044954e+05
-1.022701165494492307e+05
-1.020006025845869153e+05
-1.017314220115675998e+05
-1.014625729578608007e+05
-1.011940555018539599e+05
-1.009258697966900654e+05
-1.006579283015865512e+05
-1.003903187851201365e+05
-1.001230434181987948e+05
-9.985610227288259193e+04
-9.958949347698471684e+04
-9.932321710176156193e+04
-9.905727329460236069e+04
-9.879166212470145547e+04
-9.852638373777823290e+04
-9.826144021472368331e+04
-9.799683169849620026e+04
-9.773246904788634856e+04
-9.746843959651203477e+04
-9.720474348601300153e+04
-9.694138077846686065e+04
-9.667835161384502135e+04
-9.641565805958832789e+04
-9.615330025289249897e+04
-9.589127624300020398e+04
-9.562958616654304205e+04
-9.536823007942424738e+04
-9.510720811660868640e+04
-9.484643357818451477e+04
-9.458599535218501114e+04
-9.432589357004866179e+04
-9.406612628035098896e+04
-9.380669361398431647e+04
-9.354759561975824181e+04
-9.328883242690005864e+04
-9.303040408216899959e+04
-9.277231270754584693e+04
-9.251455834640993271e+04
-9.225713912910007639e+04
-9.199996879389591049e+04
-9.174313376940618036e+04
-9.148663417912680598e+04
-9.123047006274088926e+04
-9.097464352983521530e+04
-9.071915461670074728e+04
-9.046400145459797932e+04
-9.020918407911609393e+04
-8.995470260876142129e+04
-8.970055707708057889e+04
-8.944674760091956705e+04
-8.919319034919435217e+04
-8.893997124863331555e+04
-8.868708839042608452e+04
-8.843454179283960548e+04
-8.818233156888655503e+04
-8.793045774543703010e+04
-8.767892043399726390e+04
-8.742772163346454909e+04
-8.717686145265091909e+04
-8.692633793935742870e+04
-8.667615120206947904e+04
-8.642621589055088407e+04
-8.617661748321639607e+04
-8.592735608638070698e+04
-8.567843368544000259e+04
-8.542985038399514451e+04
-8.518160423029155936e+04
-8.493369532761523442e+04
-8.468612369064553059e+04
-8.443888942115473037e+04
-8.419199253193120239e+04
-8.394543508307603770e+04
-8.369913219620262680e+04
-8.345316689686222526e+04
-8.320753928312836797e+04
-8.296224936314862862e+04
-8.271729723347941763e+04
-8.247268290037541010e+04
-8.222840841152345820e+04
-8.198447376985821757e+04
-8.174087711501491140e+04
-8.149761844945636403e+04
-8.125469786517771718e+04
-8.101203096962245763e+04
-8.076970224639022490e+04
-8.052771373063599458e+04
-8.028606541873718379e+04
-8.004475545237991901e+04
-7.980378382748409058e+04
-7.956315063080775144e+04
-7.932285585637515760e+04
-7.908289958942077646e+04
-7.884319978012729553e+04
-7.860384049063421844e+04
-7.836481986477367172e+04
-7.812613789191786782e+04
-7.788779465357745357e+04
-7.764979013722807576e+04
-7.741212442285411817e+04
-7.717479942627128912e+04
-7.693781522465737362e+04
-7.670116986998126958e+04
-7.646486343916860642e+04
-7.622881247617860208e+04
-7.599310056045107194e+04
-7.575772777997536468e+04
-7.552269603706814814e+04
-7.528800540474196896e+04
-7.505365393741658772e+04
-7.481964170859282603e+04
-7.458596869561803760e+04
-7.435263497117959196e+04
-7.411964051143577672e+04
-7.388698730314237764e+04
-7.365459238232974894e+04
-7.342253684124496067e+04
-7.319082075058668852e+04
-7.295944408358284272e+04
-7.272840691008369322e+04
-7.249770920209152973e+04
-7.226735293565972825e+04
-7.203733808003255399e+04
-7.180766279494506307e+04
-7.157832704991259379e+04
-7.134933091217806214e+04
-7.112059195065154927e+04
-7.089219263103773119e+04
-7.066413491846318357e+04
-7.043641877783980453e+04
-7.020904237379966071e+04
-6.998200567150654388e+04
-6.975530873514589621e+04
-6.952895152859049267e+04
-6.930293411510533770e+04
-6.907725834814837435e+04
-6.885192428869745345e+04
-6.862684815582112060e+04
-6.840211186066197115e+04
-6.817771546423304244e+04
-6.795365892590125441e+04
-6.772994230572690140e+04
-6.750656744447944220e+04
-6.728353439988396713e+04
-6.706084124432026874e+04
-6.683848803591105388e+04
-6.661647472998677404e+04
-6.639480138369015185e+04
-6.617338666203714092e+04
-6.595231378461446729e+04
-6.573158280578398262e+04
-6.551119180147745647e+04
-6.529114082643875736e+04
-6.507142983127836487e+04
-6.485205886972905137e+04
-6.463302789100652444e+04
-6.441433880146432784e+04
-6.419599150915403152e+04
-6.397798417273582891e+04
-6.376023602261126507e+04
-6.354282782687095460e+04
-6.332575963681822759e+04
-6.310903139822851517e+04
-6.289264501953203580e+04
-6.267660044396930607e+04
-6.246089586269637221e+04
-6.224553121963061858e+04
-6.203050656444084598e+04
-6.181582184009306366e+04
-6.160147709568144637e+04
-6.138739398905550479e+04
-6.117365270031776163e+04
-6.096025142724896432e+04
-6.074719011045712978e+04
-6.053446879762544995e+04
-6.032208742835378507e+04
-6.011004604969755746e+04
-5.989834644043500884e+04
-5.968698864552748273e+04
-5.947589111368026352e+04
-5.926513353761972394e+04
-5.905471596285933629e+04
-5.884463832543778699e+04
-5.863490067018847913e+04
-5.842550476348126540e+04
-5.821645064798786188e+04
-5.800773642449433100e+04
-5.779936213642585790e+04
-5.759132771653175587e+04
-5.738363320751316496e+04
-5.717619949880032800e+04
-5.696910749705662602e+04
-5.676235724248574115e+04
-5.655594684090197552e+04
-5.634987633322813781e+04
-5.614414564830201562e+04
-5.593875482627245947e+04
-5.573370379479901749e+04
-5.552899440673459321e+04
-5.532462658684697817e+04
-5.512059855870078900e+04
-5.491683182230143575e+04
-5.471340484063533950e+04
-5.451031765112694120e+04
-5.430757017729131621e+04
-5.410516426008069539e+04
-5.390309982005087659e+04
-5.370137508705636719e+04
-5.349998999162908876e+04
-5.329894460611513932e+04
-5.309823887847369770e+04
-5.289787284366562380e+04
-5.269777042049111333e+04
-5.249800943872146308e+04
-5.229858813718688907e+04
-5.209950643570863758e+04
-5.190076437001279555e+04
-5.170236185974039836e+04
-5.150429894083237741e+04
-5.130657731827523094e+04
-5.110919702664439683e+04
-5.091215619781290297e+04
-5.071545486805718974e+04
-5.051901580179858138e+04
-5.032291618991986616e+04
-5.012715606898011174e+04
-4.993173713359065005e+04
-4.973665941882529296e+04
-4.954192106501347735e+04
-4.934752210884483065e+04
-4.915346246810592129e+04
-4.895974217951050377e+04
-4.876636116042782669e+04
-4.857332121404630016e+04
-4.838054575549808214e+04
-4.818810955339606153e+04
-4.799601264449223527e+04
-4.780425494508101838e+04
-4.761283649183929083e+04
-4.742175895889612730e+04
-4.723102238122455310e+04
-4.704062491387914633e+04
-4.685056659329697140e+04
-4.666084733410520130e+04
-4.647146717258167337e+04
-4.628235019008137169e+04
-4.609357400388523820e+04
-4.590513864847275545e+04
-4.571704228663942195e+04
-4.552928495425047004e+04
-4.534186656376242172e+04
-4.515478715078564710e+04
-4.496804662706106319e+04
-4.478164676649638568e+04
-4.459558747825043974e+04
-4.440986705712415278e+04
-4.422441026162554044e+04
-4.403929227814299520e+04
-4.385451314129098319e+04
-4.367007275853541796e+04
-4.348597285614366410e+04
-4.330221330630185548e+04
-4.311879241420578910e+04
-4.293571008975614677e+04
-4.275296636969406973e+04
-4.257048658009295468e+04
-4.238834534376289230e+04
-4.220654441784962546e+04
-4.202508371264496236e+04
-4.184396154828497674e+04
-4.166317783768966910e+04
-4.148273262217189767e+04
-4.130262581535402569e+04
-4.112285745970538119e+04
-4.094342917725318694e+04
-4.076434100987808779e+04
-4.058551728400803404e+04
-4.040703192303780816e+04
-4.022888497221923899e+04
-4.005107634730869904e+04
-3.987360609453485813e+04
-3.969647582738869824e+04
-3.951968559131145594e+04
-3.934323360370719456e+04
-3.916711991260002833e+04
-3.899134443493082654e+04
-3.881590721954853507e+04
-3.864073502561278292e+04
-3.846590274748080992e+04
-3.829141043354058638e+04
-3.811725631287851138e+04
-3.794344043631217210e+04
-3.776996272167953430e+04
-3.759682322045019828e+04
-3.742402185056384769e+04
-3.725156033999222564e+04
-3.707943860476676491e+04
-3.690765501985681476e+04
-3.673613708171728649e+04
-3.656495726499921875e+04
-3.639411562319943914e+04
-3.622361207432957599e+04
-3.605344833730460959e+04
-3.588362432802547119e+04
-3.571413843404717045e+04
-3.554499057306058239e+04
-3.537618079971827683e+04
-3.520770903147751233e+04
-3.503957532328373054e+04
-3.487170957532050670e+04
-3.470418350190631463e+04
-3.453699549777846551e+04
-3.437014548195636598e+04
-3.420363351350455196e+04
-3.403745951349957613e+04
-3.387162354358867742e+04
-3.370612716929774615e+04
-3.354097045294899726e+04
-3.337615167494415073e+04
-3.321167090183534310e+04
-3.304745716112825903e+04
-3.288358142088848399e+04
-3.272004375128221000e+04
-3.255684571274431073e+04
-3.239398737580096349e+04
-3.223146703820786206e+04
-3.206928477445634780e+04
-3.190744051690780907e+04
-3.174593434209635598e+04
-3.158476618376292754e+04
-3.142393773993034847e+04
-3.126337883221975062e+04
-3.110315803094062721e+04
-3.094327541753137484e+04
-3.078373092895111768e+04
-3.062452464839970344e+04
-3.046565651391175925e+04
-3.030712821815215284e+04
-3.014893969804461813e+04
-2.999108943038768484e+04
-2.983350790253523155e+04
-2.967626465505416854e+04
-2.951935977684441605e+04
-2.936279320919114980e+04
-2.920656663825584110e+04
-2.905068000389079680e+04
-2.889513179995209794e+04
-2.873992196902222349e+04
-2.858505060398607748e+04
-2.843051764795405325e+04
-2.827632319498804281e+04
-2.812240014332791907e+04
-2.796881721502920846e+04
-2.781557292026397772e+04
-2.766266720327234361e+04
-2.751010016089660348e+04
-2.735787173762067687e+04
-2.720598203859603382e+04
-2.705443259775222396e+04
-2.690322352449755999e+04
-2.675235319579177303e+04
-2.660182171960943379e+04
-2.645156126816957840e+04
-2.630163973995024571e+04
-2.615205725282485946e+04
-2.600281533031250001e+04
-2.585391409453653614e+04
-2.570535195483820280e+04
-2.555712904143967899e+04
-2.540924532978542265e+04
-2.526170095602399670e+04
-2.511449590063144569e+04
-2.496763185144294403e+04
-2.482104187575285323e+04
-2.467479148887045449e+04
-2.452888084123583394e+04
-2.438330992531694937e+04
-2.423807889690465527e+04
-2.409318775287191966e+04
-2.394863818713510409e+04
-2.380443019851259305e+04
-2.366056241798406700e+04
-2.351703485069124145e+04
-2.337384766749141272e+04
-2.323093485518288799e+04
-2.308836261154621025e+04
-2.294613263436427223e+04
-2.280424493605917087e+04
-2.266269817736354889e+04
-2.252149237645490211e+04
-2.238062772018689429e+04
-2.224010423001353047e+04
-2.209992209694255143e+04
-2.196008285152653116e+04
-2.182058668661495904e+04
-2.168136702086147852e+04
-2.154248915359569946e+04
-2.140395328577084001e+04
-2.126575944922133931e+04
-2.112790784851674107e+04
-2.099040001022507204e+04
-2.085323614018343505e+04
-2.071641478393381112e+04
-2.057993619789110380e+04
-2.044380046376120299e+04
-2.030800779975159094e+04
-2.017249410432222066e+04
-2.003732523023037356e+04
-1.990250140547411866e+04
-1.976802120669704163e+04
-1.963388487167871790e+04
-1.950009246394771617e+04
-1.936664422860505874e+04
-1.923354023525235243e+04
-1.910078219981302391e+04
-1.896837019522587070e+04
-1.883630301452259300e+04
-1.870451757561386330e+04
-1.857307730725500733e+04
-1.844198247865910525e+04
-1.831123317901894916e+04
-1.818083113285666332e+04
-1.805077643179899314e+04
-1.792106790609506425e+04
-1.779170565461830120e+04
-1.766268996480951319e+04
-1.753395860991772497e+04
-1.740557421313237865e+04
-1.727753850452232291e+04
-1.714985159147033119e+04
-1.702251233910585870e+04
-1.689552086128000519e+04
-1.676887746452959254e+04
-1.664258226637003827e+04
-1.651663557822126313e+04
-1.639103893931949278e+04
-1.626579266331493272e+04
-1.614083417702937732e+04
-1.601622507738793502e+04
-1.589196568741870578e+04
-1.576805613597869524e+04
-1.564449675024225144e+04
-1.552128906416305108e+04
-1.539843340635797358e+04
-1.527592850557409110e+04
-1.515377465525091975e+04
-1.503197193954372779e+04
-1.491052069902370567e+04
-1.478936092355562141e+04
-1.466855456977227004e+04
-1.454810204059738317e+04
-1.442800216403248487e+04
-1.430825537689047633e+04
-1.418886192546173697e+04
-1.406982227718323702e+04
-1.395113670686111436e+04
-1.383280708138347836e+04
-1.371483370045846095e+04
-1.359721571841649711e+04
-1.347989442649239209e+04
-1.336292941785365110e+04
-1.324632126192381838e+04
-1.313007032758716377e+04
-1.301417856402663165e+04
-1.289864636223157868e+04
-1.278347299069815199e+04
-1.266865886752802180e+04
-1.255420464226594777e+04
-1.244011075648525730e+04
-1.232637788505019853e+04
-1.221294999109645141e+04
-1.209988560681592207e+04
-1.198718410700577078e+04
-1.187484598918436677e+04
-1.176287198908432038e+04
-1.165126262508099899e+04
-1.154001865584685584e+04
-1.142914193574938690e+04
-1.131863324283409747e+04
-1.120849181600238080e+04
-1.109871845775991096e+04
-1.098925718240698916e+04
-1.088016537558240816e+04
-1.077144387161536724e+04
-1.066309456886778935e+04
-1.055511831135206739e+04
-1.044751440415545949e+04
-1.034028369390769512e+04
-1.023342677910075872e+04
-1.012694450219560531e+04
-1.002083745464327512e+04
-9.915107751252624439e+03
-9.809700764622801216e+03
-9.704671256722824182e+03
-9.600020059375616256e+03
-9.495747746178385569e+03
-9.391855144085391657e+03
-9.288342818925011670e+03
-9.185212848555209348e+03
-9.082465787420107517e+03
-8.980101192944246577e+03
-8.878119614778581308e+03
-8.776521864070557058e+03
-8.675254711906280136e+03
-8.574372733982745558e+03
-8.473877968042681459e+03
-8.373770939623587765e+03
-8.274051208353426773e+03
-8.174719294401846128e+03
-8.075775989027315518e+03
-7.977221803348802496e+03
-7.879057522331568180e+03
-7.781232330107392045e+03
-7.683799531348660821e+03
-7.586758686422399478e+03
-7.490110283683578018e+03
-7.393855092257203069e+03
-7.297993590796715580e+03
-7.202526541505678324e+03
-7.107455628015974071e+03
-7.012781689343508333e+03
-6.918504178804461844e+03
-6.824624166254012380e+03
-6.731091627210087609e+03
-6.637958834659249987e+03
-6.545227262098953361e+03
-6.452899375851004152e+03
-6.360976906963915098e+03
-6.269460241908731405e+03
-6.178351370974589372e+03
-6.087652096134173917e+03
-5.997364657552127028e+03
-5.907491097948426614e+03
-5.818035040719929384e+03
-5.728949556633975590e+03
-5.640285427975264611e+03
-5.552045496827195166e+03
-5.464232382615096867e+03
-5.376849157836433733e+03
-5.289899776864796877e+03
-5.203387532814522274e+03
-5.117314357595227193e+03
-5.031683767917915247e+03
-4.946499022971285740e+03
-4.861763853441836545e+03
-4.777434477948670974e+03
-4.693563163331913529e+03
-4.610153949135506991e+03
-4.527209498791984515e+03
-4.444734057006600779e+03
-4.362731521353038261e+03
-4.281206079834548291e+03
-4.200161231269419659e+03
-4.119601627109892434e+03
-4.039530126233963529e+03
-3.959948650603822898e+03
-3.880814469972043298e+03
-3.802174930024921196e+03
-3.724032106238882989e+03
-3.646387334879720584e+03
-3.569243119019927690e+03
-3.492600200037879404e+03
-3.416458462734997738e+03
-3.340818077463191003e+03
-3.265679385064839153e+03
-3.191041992130514700e+03
-3.116905684278463013e+03
-3.043228004793258151e+03
-2.970050682677538134e+03
-2.897371705823548837e+03
-2.825189326380903367e+03
-2.753501991059660213e+03
-2.682307431864377577e+03
-2.611603579403541517e+03
-2.541388601666549221e+03
-2.471659918920573546e+03
-2.402413416291528847e+03
-2.333647154612292070e+03
-2.265320644963940140e+03
-2.197476059561071452e+03
-2.130117744529590709e+03
-2.063252646418317454e+03
-1.996889391318894923e+03
-1.931037321507086745e+03
-1.865709260221861769e+03
-1.800919574977364391e+03
-1.736685187439055881e+03
-1.673024474529636791e+03
-1.609959227244224166e+03
-1.547474622561247088e+03
-1.485631729966553394e+03
-1.424457329522934742e+03
-1.363979393614892615e+03
-1.304228481786558405e+03
-1.245236223943327786e+03
-1.187037671704136301e+03
-1.129668002145393984e+03
-1.073164145604590885e+03
-1.017528279401129112e+03
-9.628236185868445318e+02
-9.090708649921580218e+02
-8.562805103193386458e+02
-8.044557815993903205e+02
-7.535891509499051608e+02
-7.036645952815597411e+02
-6.546570327612280380e+02
-6.065337717060756404e+02
-5.592526002449740190e+02
-5.127638175251777284e+02
-4.669812610341177788e+02
-4.218664997593732551e+02
-3.773443528134957887e+02
-3.333316237760009244e+02
-2.897380333001783583e+02
-2.464812419129593764e+02
-2.035256636345293373e+02
-1.609061016753548756e+02
-1.187280863713240251e+02
-7.716618025311618112e+01
-3.646554747546906583e+01
3.085490114550339058e+00
4.108108559440006502e+01
7.707235647790366784e+01
1.105464523127011489e+02
1.409228167030087207e+02
1.675609229991096072e+02
1.897515885259781498e+02
2.067285322165407706e+02
2.176570925109845120e+02
2.216480475100397598e+02
