-1.168352697506429395e+06
-1.165257065366125666e+06
-1.162164624597840011e+06
-1.159075561713303439e+06
-1.155990032338628313e+06
-1.152908163758541690e+06
-1.149830057453810237e+06
-1.146755791632722365e+06
-1.143685423758180346e+06
-1.140618993068813346e+06
-1.137556523093378870e+06
-1.134498024159180000e+06
-1.131443495894497028e+06
-1.128392929725031601e+06
-1.125346311364367371e+06
-1.122303623298442457e+06
-1.119264847264038632e+06
-1.116229966659721220e+06
-1.113198968114794232e+06
-1.110171841743228724e+06
-1.107148580849075224e+06
-1.104129181621305179e+06
-1.101113642829385353e+06
-1.098101965519574704e+06
-1.095094152711954201e+06
-1.092090209098181687e+06
-1.089090140739975963e+06
-1.086093954768329393e+06
-1.083101659083446255e+06
-1.080113262055412866e+06
-1.077128772225592285e+06
-1.074148198008749634e+06
-1.071171547395902919e+06
-1.068198827661934076e+06
-1.065230045158402063e+06
-1.062265205274470383e+06
-1.059304312490675831e+06
-1.056347370438164333e+06
-1.053394381957785692e+06
-1.050445349159046775e+06
-1.047500273478924297e+06
-1.044559155740536517e+06
-1.041621996211673249e+06
-1.038688794663184672e+06
-1.035759550427230075e+06
-1.032834262455384014e+06
-1.029912929376602988e+06
-1.026995549555049511e+06
-1.024082121147776023e+06
-1.021172642162267119e+06
-1.018267110513841268e+06
-1.015365524082911084e+06
-1.012467880772101926e+06
-1.009574178563230671e+06
-1.006684415574048646e+06
-1.003798590105635813e+06
-1.000916700659578084e+06
-9.980387459306305973e+05
-9.951647247959051747e+05
-9.922946363040844444e+05
-9.894284796646614559e+05
-9.865662542372059543e+05
-9.837079595206562662e+05
-9.808535951426365646e+05
-9.780031608488012571e+05
-9.751566564922042890e+05
-9.723140820226946380e+05
-9.694754374763383530e+05
-9.666407229648659704e+05
-9.638099386651456589e+05
-9.609830848086831393e+05
-9.581601616711467505e+05
-9.553411695619191742e+05
-9.525261088136743056e+05
-9.497149797719806666e+05
-9.469077827849310124e+05
-9.441045181927967351e+05
-9.413051863177097403e+05
-9.385097874533690047e+05
-9.357183218547736760e+05
-9.329307897279824829e+05
-9.301471912207428832e+05
-9.273675264185367851e+05
-9.245917953460915014e+05
-9.218199979697957169e+05
-9.190521342001069570e+05
-9.162882038939537015e+05
-9.135282068571313284e+05
-9.107721428466932848e+05
-9.080200115733350394e+05
-9.052718127037729137e+05
-9.025275458631172078e+05
-8.997872106372392736e+05
-8.970508065751327667e+05
-8.943183331912691938e+05
-8.915897899679476395e+05
-8.888651763576385565e+05
-8.861444917853218503e+05
-8.834277356508186786e+05
-8.807149073311188258e+05
-8.780060061827001628e+05
-8.753010315438444959e+05
-8.725999827369453851e+05
-8.699028590708118863e+05
-8.672096598429663572e+05
-8.645203843419346958e+05
-8.618350318495332031e+05
-8.591536016431476455e+05
-8.564760929980077781e+05
-8.538025051894548815e+05
-8.511328374952055747e+05
-8.484670891977320425e+05
-8.458052595865526237e+05
-8.431473479586885078e+05
-8.404933536178430077e+05
-8.378432758739239071e+05
-8.351971140425663907e+05
-8.325548674446572550e+05
-8.299165354058607481e+05
-8.272821172561445273e+05
-8.246516123293082928e+05
-8.220250199625123059e+05
-8.194023394958078861e+05
-8.167835702716681408e+05
-8.141687116345218383e+05
-8.115577629302858841e+05
-8.089507235059007071e+05
-8.063475927088668104e+05
-8.037483698867817875e+05
-8.011530543868782697e+05
-7.985616455555646680e+05
-7.959741427379655652e+05
-7.933905452774632722e+05
-7.908108525152420625e+05
-7.882350637898318237e+05
-7.856631784366541542e+05
-7.830951957875685766e+05
-7.805311151704216609e+05
-7.779709359085948672e+05
-7.754146573205556488e+05
-7.728622787194091361e+05
-7.703137994124502875e+05
-7.677692187007183675e+05
-7.652285358785516582e+05
-7.626917502331440337e+05
-7.601588610441023484e+05
-7.576298675829980057e+05
-7.551047691129714949e+05
-7.525835648886358831e+05
-7.500662541562097613e+05
-7.475528361536428565e+05
-7.450433101107422262e+05
-7.425376752492963569e+05
-7.400359307832013583e+05
-7.375380759185843635e+05
-7.350441098539289087e+05
-7.325540317801977508e+05
-7.300678408809574321e+05
-7.275855363325017970e+05
-7.251071173039744608e+05
-7.226325829574915115e+05
-7.201619324482649099e+05
-7.176951649247240275e+05
-7.152322795286376495e+05
-7.127732753952355124e+05
-7.103181516533296090e+05
-7.078669074254352599e+05
-7.054195418278921861e+05
-7.029760539709840668e+05
-7.005364429590592626e+05
-6.981007078906504903e+05
-6.956688478585943813e+05
-6.932408619501502253e+05
-6.908167492471192963e+05
-6.883965088259638287e+05
-6.859801397579243639e+05
-6.835676411091383779e+05
-6.811590119407578604e+05
-6.787542513090665452e+05
-6.763533582655976061e+05
-6.739563318572493736e+05
-6.715631711264029145e+05
-6.691738751110376325e+05
-6.667884428448473336e+05
-6.644068733573557111e+05
-6.620291656737192534e+05
-6.596553188140090788e+05
-6.572853317935519153e+05
-6.549192036237260327e+05
-6.525569333119424991e+05
-6.501985198616278358e+05
-6.478439622722059721e+05
-6.454932595390803181e+05
-6.431464106536156032e+05
-6.408034146031208802e+05
-6.384642703708312474e+05
-6.361289769358901540e+05
-6.337975332733324030e+05
-6.314699383540661074e+05
-6.291461911448552273e+05
-6.268262906083028065e+05
-6.245102357028329279e+05
-6.221980253826736007e+05
-6.198896585978397634e+05
-6.175851342941159382e+05
-6.152844514130391181e+05
-6.129876088918817695e+05
-6.106946056636350695e+05
-6.084054406569914427e+05
-6.061201127963279141e+05
-6.038386210016899277e+05
-6.015609641887734178e+05
-5.992871412689089775e+05
-5.970171511490452103e+05
-5.947509927317313850e+05
-5.924886649151020683e+05
-5.902301665928595467e+05
-5.879754966542581096e+05
-5.857246539840874029e+05
-5.834776374626563629e+05
-5.812344459657769185e+05
-5.789950783647475764e+05
-5.767595335263375891e+05
-5.745278103127707727e+05
-5.722999075817097910e+05
-5.700758241862397408e+05
-5.678555589748524362e+05
-5.656391107914309250e+05
-5.634264784760036273e+05
-5.612176608648075489e+05
-5.590126567895325134e+05
-5.568114650772733148e+05
-5.546140845505441539e+05
-5.524205140272949357e+05
-5.502307523209251231e+05
-5.480447982402996859e+05
-5.458626505897637689e+05
-5.436843081691582920e+05
-5.415097697738343850e+05
-5.393390341946685221e+05
-5.371721002180780051e+05
-5.350089666260349331e+05
-5.328496321960822679e+05
-5.306940957013478037e+05
-5.285423559105595341e+05
-5.263944115880600875e+05
-5.242502614938223269e+05
-5.221099043834630866e+05
-5.199733390082586557e+05
-5.178405641151593300e+05
-5.157115784468038473e+05
-5.135863807415345218e+05
-5.114649697334114462e+05
-5.093473441522276262e+05
-5.072335027235228335e+05
-5.051234441685989732e+05
-5.030171672045340529e+05
-5.009146705441968516e+05
-4.988159528962613549e+05
-4.967210129652214237e+05
-4.946298494514051126e+05
-4.925424610509887571e+05
-4.904588464560117573e+05
-4.883790043543907814e+05
-4.863029334299340844e+05
-4.842306323623555945e+05
-4.821620998272896977e+05
-4.800973344963047421e+05
-4.780363350369177060e+05
-4.759791001126085175e+05
-4.739256283828337910e+05
-4.718759185030410299e+05
-4.698299691246830625e+05
-4.677877788954111747e+05
-4.657493464592185337e+05
-4.637146704562668456e+05
-4.616837495227587642e+05
-4.596565822909415001e+05
-4.576331673891110113e+05
-4.556135034416158451e+05
-4.535975890688608633e+05
-4.515854228873113170e+05
-4.495770035094969207e+05
-4.475723295440154616e+05
-4.455713995955368737e+05
-4.435742122648074292e+05
-4.415807661486529978e+05
-4.395910598399838200e+05
-4.376050919277977664e+05
-4.356228609971846454e+05
-4.336443656293298118e+05
-4.316696044015184743e+05
-4.296985758871395374e+05
-4.277312786556893261e+05
-4.257677112727757776e+05
-4.238078723001220496e+05
-4.218517602955710609e+05
-4.198993738130887505e+05
-4.179507114027683856e+05
-4.160057716108345194e+05
-4.140645529796470655e+05
-4.121270540477047907e+05
-4.101932733496496221e+05
-4.082632094162704889e+05
-4.063368607745072804e+05
-4.044142259474552702e+05
-4.024953034543680260e+05
-4.005800918106621830e+05
-3.986685895279212855e+05
-3.967607951138997450e+05
-3.948567070725264493e+05
-3.929563239039093023e+05
-3.910596441043386003e+05
-3.891666661662914557e+05
-3.872773885784354061e+05
-3.853918098256329540e+05
-3.835099283889448270e+05
-3.816317427456344012e+05
-3.797572513691715430e+05
-3.778864527292365674e+05
-3.760193452917240793e+05
-3.741559275186437881e+05
-3.722961978680893080e+05
-3.704401547943481710e+05
-3.685877967479421059e+05
-3.667391221756330924e+05
-3.648941295204287162e+05
-3.630528172215883387e+05
-3.612151837146291509e+05
-3.593812274313310627e+05
-3.575509467997432221e+05
-3.557243402441896033e+05
-3.539014061852748273e+05
-3.520821430398895172e+05
-3.502665492212170502e+05
-3.484546231387382140e+05
-3.466463631982376100e+05
-3.448417678018091246e+05
-3.430408353478618665e+05
-3.412435642311261036e+05
-3.394499528426580364e+05
-3.376599995698470157e+05
-3.358737027964200824e+05
-3.340910609024481382e+05
-3.323120722643521149e+05
-3.305367352549072821e+05
-3.287650482432509307e+05
-3.269970095948865637e+05
-3.252326176716900663e+05
-3.234718708319158759e+05
-3.218507063282964518e+05
-3.203691225118595175e+05
-3.188911788319330662e+05
-3.174168736323408084e+05
-3.159462052533132955e+05
-3.144791720314926933e+05
-3.130157722999399994e+05
-3.115560043881393503e+05
-3.100998666220041923e+05
-3.086473573238832178e+05
-3.071984748125654878e+05
-3.057532174032867188e+05
-3.043115834077341715e+05
-3.028735711340530543e+05
-3.014391788868515287e+05
-3.000084049672069959e+05
-2.985812476726709865e+05
-2.971577052972755628e+05
-2.957377761315383250e+05
-2.943214584624684649e+05
-2.929087505735722370e+05
-2.914996507442676229e+05
-2.900941572498610476e+05
-2.886922683621388860e+05
-2.872939823493993608e+05
-2.858992974764546379e+05
-2.845082120046326891e+05
-2.831207241917814827e+05
-2.817368322922700318e+05
-2.803565345569921192e+05
-2.789798292333688587e+05
-2.776067145653502084e+05
-2.762371887934192782e+05
-2.748712501545939595e+05
-2.735088968824296026e+05
-2.721501272070221603e+05
-2.707949393550105160e+05
-2.694433315495793940e+05
-2.680953020104616880e+05
-2.667508489539416041e+05
-2.654099705928569892e+05
-2.640726651366022415e+05
-2.627389307911309879e+05
-2.614087657589587616e+05
-2.600821682391656796e+05
-2.587591364273993531e+05
-2.574396685158772161e+05
-2.561237626933896681e+05
-2.548114171453029849e+05
-2.535026300535610644e+05
-2.521973995966893854e+05
-2.508957239497972187e+05
-2.495976012845800724e+05
-2.483030297693233006e+05
-2.470120075689037330e+05
-2.457245328447936336e+05
-2.444406037550626788e+05
-2.431602184543808689e+05
-2.418833750940220198e+05
-2.406100718218651600e+05
-2.393403067823988385e+05
-2.380740781167229870e+05
-2.368113839625519468e+05
-2.355522224542176118e+05
-2.342965917226715246e+05
-2.330444898954887176e+05
-2.317959150968696922e+05
-2.305508654476434458e+05
-2.293093390652706148e+05
-2.280713340638461523e+05
-2.268368485541021219e+05
-2.256058806434106082e+05
-2.243784284362469334e+05
-2.231544900343498448e+05
-2.219340635362635367e+05
-2.207171470371813048e+05
-2.195037386289484566e+05
-2.182938364000632428e+05
-2.170874384356786031e+05
-2.158845428176046116e+05
-2.146851476243091747e+05
-2.134892509309209418e+05
-2.122968508092301199e+05
-2.111079453276909189e+05
-2.099225325514232973e+05
-2.087406105422140099e+05
-2.075621773585195187e+05
-2.063872310554672731e+05
-2.052157696848573396e+05
-2.040477912951648468e+05
-2.028832939315410331e+05
-2.017222756358160404e+05
-2.005647344465000788e+05
-1.994106683987856377e+05
-1.982600755245491164e+05
-1.971129538523530355e+05
-1.959693014074480161e+05
-1.948291162117740605e+05
-1.936923962839632295e+05
-1.925591396393411560e+05
-1.914293442899290239e+05
-1.903030082444455475e+05
-1.891801295083092991e+05
-1.880607060836399905e+05
-1.869447359692610335e+05
-1.858322171607014025e+05
-1.847231476501970319e+05
-1.836175254266941920e+05
-1.825153484758497216e+05
-1.814166147800347535e+05
-1.803213223183357622e+05
-1.792294690665564267e+05
-1.781410529972206568e+05
-1.770560720795736415e+05
-1.759745242795847589e+05
-1.748964075599490898e+05
-1.738217198800893966e+05
-1.727504591961591505e+05
-1.716826234610432293e+05
-1.706182106243612943e+05
-1.695572186324693030e+05
-1.684996454284617212e+05
-1.674454889521737350e+05
-1.663947471401833463e+05
-1.653474179253962357e+05
-1.643034992368442472e+05
-1.632629890001013409e+05
-1.622258851374830119e+05
-1.611921855680447770e+05
-1.601618882075799629e+05
-1.591349909686177270e+05
-1.581114917604214279e+05
-1.570913884889865294e+05
-1.560746790570390876e+05
-1.550613613640333060e+05
-1.540514333061504876e+05
-1.530448927762967069e+05
-1.520417376641010633e+05
-1.510419658559146337e+05
-1.500455752348076785e+05
-1.490525636805690592e+05
-1.480629290697037941e+05
-1.470766692754316609e+05
-1.460937821676859166e+05
-1.451142656131108524e+05
-1.441381174750614446e+05
-1.431653356136005605e+05
-1.421959178854982601e+05
-1.412298621442302829e+05
-1.402671662399758352e+05
-1.393078280196171254e+05
-1.383518453267371515e+05
-1.373992160016186535e+05
-1.364499378812428331e+05
-1.355040087992876070e+05
-1.345614265861266758e+05
-1.336221890688278945e+05
-1.326862940711522242e+05
-1.317537394135522190e+05
-1.308245229131712113e+05
-1.298986423838413320e+05
-1.289760956360831624e+05
-1.280568804771041032e+05
-1.271409947107969783e+05
-1.262284361377396854e+05
-1.253192025551932165e+05
-1.244132917571013095e+05
-1.235107015340885846e+05
-1.226114296734604286e+05
-1.217154739592013648e+05
-1.208228321719741216e+05
-1.199335020891189342e+05
-1.190474814846522640e+05
-1.181647681292658672e+05
-1.172853597903267946e+05
-1.164092542318748310e+05
-1.155364492148277350e+05
-1.146669424974019639e+05
-1.138007318349047564e+05
-1.129378149793071207e+05
-1.120781896792384796e+05
-1.112218536799822468e+05
-1.103688047234709375e+05
-1.095190405482810456e+05
-1.086725588896290865e+05
-1.078293574793662410e+05
-1.069894340459741652e+05
-1.061527863145603333e+05
-1.053194120068531483e+05
-1.044893088411979843e+05
-1.036624745325525291e+05
-1.028389067924816627e+05
-1.020186033291541971e+05
-1.012015618473375216e+05
-1.003877800483941101e+05
-9.957725563027663156e+04
-9.876998628752352670e+04
-9.796596971125598066e+04
-9.716520358917210251e+04
-9.636768560554436408e+04
-9.557328421643050388e+04
-9.478186799008864909e+04
-9.399343483175616711e+04
-9.320798264322755858e+04
-9.242550932285119779e+04
-9.164601276552490890e+04
-9.086949086269177496e+04
-9.009594150233734399e+04
-8.932536256898497231e+04
-8.855775194369233213e+04
-8.779310750404745340e+04
-8.703142712416523136e+04
-8.627270867468416691e+04
-8.551695002276194282e+04
-8.476414903207239695e+04
-8.401430356280202977e+04
-8.326741147164604627e+04
-8.252347061180532910e+04
-8.178247883298294619e+04
-8.104443398138042539e+04
-8.030933389969472773e+04
-7.957717642711475492e+04
-7.884795939931832254e+04
-7.812168064846890047e+04
-7.739833800321165472e+04
-7.667792928867181763e+04
-7.596045232644979842e+04
-7.524590493461932056e+04
-7.453428492756024934e+04
-7.382559011547500268e+04
-7.311981830454454757e+04
-7.241696729739615694e+04
-7.171703489309339784e+04
-7.102001888712495565e+04
-7.032591707139392383e+04
-6.963472723420825787e+04
-6.894644716026913375e+04
-6.826107463066116907e+04
-6.757860742284194566e+04
-6.689904331063176505e+04
-6.622238006420386955e+04
-6.554861545007326640e+04
-6.487774723108764738e+04
-6.420977316641714424e+04
-6.354469101154431701e+04
-6.288249851825414225e+04
-6.222319343462469988e+04
-6.156677350501669571e+04
-6.091323647006461397e+04
-6.026258006666647270e+04
-5.961480202797474340e+04
-5.896990008338657208e+04
-5.832787195853446610e+04
-5.768871537527744658e+04
-5.705242805169080384e+04
-5.641900770205771551e+04
-5.578845203685993329e+04
-5.516075876276846975e+04
-5.453592558263475075e+04
-5.391395019548200071e+04
-5.329483029649592936e+04
-5.267856357701588422e+04
-5.206514772452646866e+04
-5.145458042264869437e+04
-5.084685935113159940e+04
-5.024198218584316783e+04
-4.963994659876264632e+04
-4.904075025797169656e+04
-4.844439082764554769e+04
-4.785086596804601140e+04
-4.726017333551193587e+04
-4.667231058245198801e+04
-4.608727535733650438e+04
-4.550506530468864366e+04
-4.492567806507763453e+04
-4.434911127510992810e+04
-4.377536256742198020e+04
-4.320442957067256793e+04
-4.263630990953464061e+04
-4.207100120471790433e+04
-4.150850107358978130e+04
-4.094880713013117202e+04
-4.039191698428802192e+04
-3.983782824194990098e+04
-3.928653850493044592e+04
-3.873804537094687112e+04
-3.819234643359971233e+04
-3.764943928235396743e+04
-3.710932150251744315e+04
-3.657199067522305995e+04
-3.603744437740789726e+04
-3.550568018179410137e+04
-3.497669565687002614e+04
-3.445048836686997674e+04
-3.392705587175628170e+04
-3.340639572719973512e+04
-3.288850548456003889e+04
-3.237338269086880609e+04
-3.186102488880883902e+04
-3.135142961669736542e+04
-3.084459440846648067e+04
-3.034051679364545271e+04
-2.983919429734209552e+04
-2.934062444022530690e+04
-2.884480473850690760e+04
-2.835173270392324775e+04
-2.786140584371844307e+04
-2.737382166062598117e+04
-2.688897765285172500e+04
-2.640687131405645050e+04
-2.592750013333838433e+04
-2.545086159521667287e+04
-2.497695317961391993e+04
-2.450577236183895729e+04
-2.403731661257077940e+04
-2.357158339784177952e+04
-2.310857017902075313e+04
-2.264827441279683262e+04
-2.219069355116342194e+04
-2.173582504140120000e+04
-2.128366632606298663e+04
-2.083421484295721166e+04
-2.038746802513254806e+04
-1.994342330086138099e+04
-1.950207809362490661e+04
-1.906342982209776528e+04
-1.862747590013197623e+04
-1.819421373674250208e+04
-1.776364073609141633e+04
-1.733575429751118645e+04
-1.691055181559990160e+04
-1.648803068015677854e+04
-1.606818827603524551e+04
-1.565102198310894892e+04
-1.523652917623822577e+04
-1.482470722523657605e+04
-1.441555349483783357e+04
-1.400906534466287121e+04
-1.360524012918630615e+04
-1.320407519770436920e+04
-1.280556789430277422e+04
-1.240971555782342330e+04
-1.201651552183344029e+04
-1.162596511459257454e+04
-1.123806165902153589e+04
-1.085280247267126106e+04
-1.047018486769055016e+04
-1.009020615079603158e+04
-9.712863623240496963e+03
-9.338154580782633275e+03
-8.966076313656056300e+03
-8.596626106539741158e+03
-8.229801238527521491e+03
-7.865598983097588643e+03
-7.504016608083853498e+03
-7.145051375645911321e+03
-6.788700542239705101e+03
-6.434961358587956056e+03
-6.083831069652223960e+03
-5.735306914603570476e+03
-5.389386126793688163e+03
-5.046065933727426454e+03
-4.705343557033687830e+03
-4.367216212438186631e+03
-4.031681109735509381e+03
-3.698735452761407942e+03
-3.368376439365325496e+03
-3.040601261383621022e+03
-2.715407104612328112e+03
-2.392791148780379444e+03
-2.072750567523064092e+03
-1.755282528355484828e+03
-1.440384192646481097e+03
-1.128052715593017638e+03
-8.182852461936417967e+02
-5.110789272235706449e+02
-2.064308952083811164e+02
9.566171974712051451e+01
3.952017941954545677e+02
6.921922112565953285e+02
9.866358604887500405e+02
1.278535637958440930e+03
1.567894446311518550e+03
1.854715194842312485e+03
2.139000799563480541e+03
2.420754183274693787e+03
2.699978275632020086e+03
2.976676013215212151e+03
3.250850339596392587e+03
3.522504205406876281e+03
3.791640568404924124e+03
4.058262393541866913e+03
4.322372653028694913e+03
4.583974326401948929e+03
4.843070400589145720e+03
5.099663869973970577e+03
5.353757736460538581e+03
5.605355009538587183e+03
5.854458706347038969e+03
6.101071851736865938e+03
6.345197478335350752e+03
6.586838626607786864e+03
6.825998344921041280e+03
7.062679689604090527e+03
7.296885725010652095e+03
7.528619523580418900e+03
7.757884165898663923e+03
7.984682740757940337e+03
8.209018345217220485e+03
8.430894084662199020e+03
8.650313072863733396e+03
8.867278432037448511e+03
9.081793292901245877e+03
9.293860794734209776e+03
9.503484085433650762e+03
9.710666321572382003e+03
9.915410668456228450e+03
1.011772030017944053e+04
1.031759839968150482e+04
1.051504815880255774e+04
1.071007277833856642e+04
1.090267546809650958e+04
1.109285944702010602e+04
1.128062794411508366e+04
1.146598419845360331e+04
1.164893145839939825e+04
1.182947298170300201e+04
1.200761203559557907e+04
1.218335189688298851e+04
1.235669585203845054e+04
1.252764719729498029e+04
1.269620923873805441e+04
1.286238529239594936e+04
1.302617868433077820e+04
1.318759275072882883e+04
1.334663083798973821e+04
1.350329630281613208e+04
1.365759251230116934e+04
1.380952284401701763e+04
1.395909068610146642e+04
1.410629943734523840e+04
1.425115250727743842e+04
1.439365331625123508e+04
1.453380529552907683e+04
1.467161188736651093e+04
1.480707654509600252e+04
1.494020273321028799e+04
1.507099392744479701e+04
1.519945361485937610e+04
1.532558529392047785e+04
1.544939247458078898e+04
1.557087867836025544e+04
1.569004743842571042e+04
1.580690229966933839e+04
1.592144681878807023e+04
1.603368456436065026e+04
1.614361911692516878e+04
1.625125406905589625e+04
1.635659302543965168e+04
1.645963960295054130e+04
1.656039743072586134e+04
1.665887015023990534e+04
1.675506141537800431e+04
1.684897489250963554e+04
1.694061426056129858e+04
1.702998321017716080e+04
1.711708544352930039e+04
1.720192467551608570e+04
1.728450463443715125e+04
1.736482906231191009e+04
1.744290171519573778e+04
1.751872636349615641e+04
1.759230679228506051e+04
1.766364680161117576e+04
1.773275020680925809e+04
1.779962083880836144e+04
1.786426254443777725e+04
1.792667918673227541e+04
1.798687464523408562e+04
1.804485281629441306e+04
1.810061761337216012e+04
1.815417296733148396e+04
1.820552282673818991e+04
1.825467115815239958e+04
1.830162194642215036e+04
1.834637919497233815e+04
1.838894692609482445e+04
1.842932918123388663e+04
1.846753002127236687e+04
1.850355352681432851e+04
1.853740379846747965e+04
1.856908495712210424e+04
1.859860114422976039e+04
1.862595652207895182e+04
1.865115527407033369e+04
1.867420160498935729e+04
1.869509974127658643e+04
1.871385393129778095e+04
1.873046844561118633e+04
1.874494757723296061e+04
1.875729564190120436e+04
1.876751697833836079e+04
1.877561594851175323e+04
1.878159693789156154e+04
1.878546435566269793e+04
1.878722263488825411e+04
1.878687623262568377e+04
1.878442962998594157e+04
1.877988733218261041e+04
1.877325386858102866e+04
1.876453379274625331e+04
1.875373168249009177e+04
1.874085213991766796e+04
1.872589979147305712e+04
1.870887928798422217e+04
1.868979530470771715e+04
1.866865254137106240e+04
1.864545572221651673e+04
1.862020959604205564e+04
1.859291893624304794e+04
1.856358854085206985e+04
1.853222323257895187e+04
1.849882785884966142e+04
1.846340729184402153e+04
1.842596642853273079e+04
1.838651019071461633e+04
1.834504352505179122e+04
1.830157140310504474e+04
1.825609882136760280e+04
1.820863080129912123e+04
1.815917238935758360e+04
1.810772865703213029e+04
1.805430470087355934e+04
1.799890564252506010e+04
1.794153662875154987e+04
1.788220283146877773e+04
1.782090944777103141e+04
1.775766169995907694e+04
1.769246483556600288e+04
1.762532412797957659e+04
1.755624487762851641e+04
1.748523241373454221e+04
1.741229209679830819e+04
1.733742932121362537e+04
1.726064951786864549e+04
1.718195815673144534e+04
1.710136074942257255e+04
1.701886285177199170e+04
1.693447006636322476e+04
1.684818804506259039e+04
1.676002249153354205e+04
1.666997916373820044e+04
1.657806387642328627e+04
1.648428250359254889e+04
1.638864098096429370e+04
1.629114530841563828e+04
1.619180155241186731e+04
1.609061584842111915e+04
1.598759440331580117e+04
1.588274349775933661e+04
1.577606948857801035e+04
1.566757881112000905e+04
1.555727798159862868e+04
1.544517359942197800e+04
1.533127234950871207e+04
1.521558100458933040e+04
1.509810642749234103e+04
1.497885557341785170e+04
1.485783549219509587e+04
1.473505333052529022e+04
1.461051633334532380e+04
1.448423184203566052e+04
1.435620728952693753e+04
1.422645019460306503e+04
1.409496815623459406e+04
1.396176884793885984e+04
1.382686001216946170e+04
1.369024945473344997e+04
1.355194503923668526e+04
1.341195468155806884e+04
1.327028634435171261e+04
1.312694803157728165e+04
1.298194778305897489e+04
1.283529366907221265e+04
1.268699378495966084e+04
1.253705624577403069e+04
1.238548918095091358e+04
1.223230072900839150e+04
1.207749903227575123e+04
1.192109223165060394e+04
1.176308846138371155e+04
1.160349584389221855e+04
1.144232248460175470e+04
1.127957646681601182e+04
1.111526584661542438e+04
1.094939864778378978e+04
1.078198285878915340e+04
1.061302644807239994e+04
1.044253740184498020e+04
1.027052376796840690e+04
1.009699369954736903e+04
9.921955498278606683e+03
9.745417657555313781e+03
9.567388905327534303e+03
9.387878246717620641e+03
9.206895006392383948e+03
9.024448870689375326e+03
8.840549929500790313e+03
8.655208717911271378e+03
8.468436257592402399e+03
8.280244097952498123e+03
8.090644357041921467e+03
7.899649762214859948e+03
7.707273690545931458e+03
7.513530209002550691e+03
7.318434114373289049e+03
7.122000972951762378e+03
6.924247158080339432e+03
6.725189827727153897e+03
6.524846791577758268e+03
6.323236325040459633e+03
6.120376983225811273e+03
5.916287415981758386e+03
5.710986183984903619e+03
5.504491575887659565e+03
5.296821426520356908e+03
5.087992936150170863e+03
4.878022490795003250e+03
4.666925483593717217e+03
4.454716137232026085e+03
4.241407327424036339e+03
4.027010407449677587e+03
3.811535033747553825e+03
3.594988998724846169e+03
3.377378397328080609e+03
3.158708591281669214e+03
2.938985675773350522e+03
2.718217973600374535e+03
2.496417520525632426e+03
2.273601541846990585e+03
2.049793920175638050e+03
1.825026654427871108e+03
1.599341310026356950e+03
1.372790460314601660e+03
1.145439118814654648e+03
9.173661628144327551e+02
6.886657490530051291e+02
4.594487205683253706e+02
2.298440043139271438e+02
1.629814505577087402e-09
