2.148721853551200591e+06
2.143559272190226708e+06
2.138401647535444237e+06
2.133249425982130691e+06
2.128102980268057436e+06
2.122962615541100968e+06
2.117828575410612859e+06
2.112701047984621488e+06
2.107580171896564309e+06
2.102466042317754589e+06
2.097358716953852214e+06
2.092258222027053358e+06
2.087164558244010666e+06
2.082077706749475095e+06
2.076997635065662907e+06
2.071924303017347818e+06
2.066857668642677367e+06
2.061797693942903075e+06
2.056744348624094157e+06
2.051697610702723730e+06
2.046657465803117491e+06
2.041623906429701252e+06
2.036596931240987033e+06
2.031576544325293042e+06
2.026562754478201037e+06
2.021555574481750606e+06
2.016555020385368261e+06
2.011561110788534163e+06
2.006573866125184344e+06
2.001593307949850336e+06
1.996619458225533366e+06
1.991652338613316650e+06
1.986691969763712958e+06
1.981738370619358029e+06
1.976791557920902502e+06
1.971851546113831224e+06
1.966918347476691473e+06
1.961991972262362717e+06
1.957072428838987835e+06
1.952159723830569070e+06
1.947253862257225672e+06
1.942354847675118130e+06
1.937462682316032471e+06
1.932577367226629518e+06
1.927698902407359332e+06
1.922827286951034795e+06
1.917962519181074109e+06
1.913104596789401490e+06
1.908253516974015627e+06
1.903409276576218661e+06
1.898571872217510361e+06
1.893741300436144928e+06
1.888917557823351584e+06
1.884100641159218270e+06
1.879290547548016999e+06
1.874487274531228933e+06
1.869690820128513500e+06
1.864901182820208371e+06
1.860118361521544168e+06
1.855342355556921568e+06
1.850573164634250337e+06
1.845810788819350069e+06
1.841055228510413086e+06
1.836306484412528109e+06
1.831564557512267726e+06
1.826829449052336393e+06
1.822101160506279906e+06
1.817379693553258898e+06
1.812665050052881707e+06
1.807957232020100579e+06
1.803256241600169567e+06
1.798562081043664832e+06
1.793874752681564540e+06
1.789194258900393965e+06
1.784520602117430419e+06
1.779853784755969886e+06
1.775193809220656753e+06
1.770540677872874541e+06
1.765894393006199505e+06
1.761254956821914297e+06
1.756622371404585196e+06
1.751996638699716656e+06
1.747377760504317936e+06
1.742765738470508717e+06
1.738160574111279100e+06
1.733562268806232139e+06
1.728970823807312408e+06
1.724386240244520362e+06
1.719808519131613197e+06
1.715237661371791968e+06
1.710673667763374280e+06
1.706116539005453466e+06
1.701566275703544030e+06
1.697022878375212662e+06
1.692486347455696203e+06
1.687956683303505182e+06
1.683433886206012685e+06
1.678917956385031808e+06
1.674408894002376124e+06
1.669906699165408500e+06
1.665411371932575479e+06
1.660922912318927469e+06
1.656441320301624713e+06
1.651966595825430704e+06
1.647498738808190683e+06
1.643037749146296177e+06
1.638583626720135799e+06
1.634136371399533236e+06
1.629695983049169648e+06
1.625262461533993483e+06
1.620835806724615628e+06
1.616416018502990250e+06
1.612003096767875599e+06
1.607597041435921565e+06
1.603197852439715061e+06
1.598805529726639390e+06
1.594420073257736629e+06
1.590041483006573748e+06
1.585669758958110586e+06
1.581304901107570156e+06
1.576946909459314775e+06
1.572595784025720553e+06
1.568251524826058187e+06
1.563914131885374896e+06
1.559583605233381037e+06
1.555259944903335767e+06
1.550943150930940639e+06
1.546633223353231093e+06
1.542330162207474932e+06
1.538033967530070106e+06
1.533744639355448075e+06
1.529462177714978578e+06
1.525186582635877188e+06
1.520917854140116367e+06
1.516655992243339075e+06
1.512400996953774942e+06
1.508152868271159474e+06
1.503911606185656507e+06
1.499677210676782299e+06
1.495449681712334044e+06
1.491229019247319549e+06
1.487015223222891567e+06
1.482808293565283064e+06
1.478608230184746441e+06
1.474415032974496018e+06
1.470228701809651684e+06
1.466049236546170432e+06
1.461876637019902701e+06
1.457710903046362335e+06
1.453552034421043471e+06
1.449400030919720884e+06
1.445254892298749182e+06
1.441116618295361288e+06
1.436985208627966465e+06
1.432860662996447645e+06
1.428742981082457118e+06
1.424632162549713859e+06
1.420528207044295967e+06
1.416431114194937516e+06
1.412340883613320533e+06
1.408257514894368360e+06
1.404181007616538089e+06
1.400111361342110904e+06
1.396048575617484748e+06
1.391992649973461870e+06
1.387943583925540326e+06
1.383901376974200830e+06
1.379866028605195694e+06
1.375837538289835677e+06
1.371815905485275667e+06
1.367801129634801764e+06
1.363793210168115562e+06
1.359792146501617506e+06
1.355797938038691878e+06
1.351810584169989452e+06
1.347830084273708751e+06
1.343856437715877779e+06
1.339889643850634806e+06
1.335929702020509169e+06
1.331976611556699034e+06
1.328030371779350797e+06
1.324090981997837080e+06
1.320158441511033103e+06
1.316232749607594218e+06
1.312313905566229951e+06
1.308401908655235311e+06
1.304496758130777162e+06
1.300598453237707727e+06
1.296706993211462628e+06
1.292822377278016647e+06
1.288944604653842282e+06
1.285073674545865506e+06
1.281209586151424563e+06
1.277352338658226188e+06
1.273501931244304869e+06
1.269658363077978604e+06
1.265821633317808853e+06
1.261991741112557240e+06
1.258168685601144563e+06
1.254352465912608663e+06
1.250543081166063203e+06
1.246740530470656464e+06
1.242944812925529666e+06
1.239155927619776689e+06
1.235373873632401461e+06
1.231598650032279547e+06
1.227830255878115539e+06
1.224068690218403935e+06
1.220313952091387007e+06
1.216566040525016841e+06
1.212824954536912963e+06
1.209090693134324392e+06
1.205363255314087961e+06
1.201642640062590595e+06
1.197928846355727874e+06
1.194221873158866074e+06
1.190521719426801894e+06
1.186828384103723802e+06
1.183141866123173386e+06
1.179462164408005541e+06
1.175789277870351216e+06
1.172123205411577132e+06
1.168463945922248997e+06
1.164811498282091692e+06
1.161165861359952018e+06
1.157527034013761440e+06
1.153895015090496046e+06
1.150269803426140919e+06
1.146651397847488523e+06
1.143039797172289342e+06
1.139435000207449775e+06
1.135837005748917349e+06
1.132245812581715640e+06
1.128661419479983393e+06
1.125083825207007118e+06
1.121513028515258804e+06
1.117949028146432247e+06
1.114391822831478668e+06
1.110841411290641641e+06
1.107297792233494110e+06
1.103760964358973783e+06
1.100230926355417818e+06
1.096707676900600316e+06
1.093191214661766076e+06
1.089681538295666454e+06
1.086178646448595216e+06
1.082682537756424397e+06
1.079193210844637593e+06
1.075710664328366984e+06
1.072234896812427556e+06
1.068765906891352497e+06
1.065303693149428349e+06
1.061848254160729004e+06
1.058399588489152258e+06
1.054957694688452641e+06
1.051522571302277967e+06
1.048094216864202404e+06
1.044672629897762090e+06
1.041257808916489128e+06
1.037849752423946746e+06
1.034448458913763054e+06
1.031053926869665505e+06
1.027666154765514890e+06
1.024285141065340489e+06
1.020910884223373141e+06
1.017543382684079930e+06
1.014182634882198181e+06
1.010828639242768986e+06
1.007481394181171199e+06
1.004140898103155894e+06
1.000807149404879194e+06
9.974801464729360305e+05
9.941598876843948383e+05
9.908463714072578587e+05
9.875395960008031689e+05
9.842395598151716404e+05
9.809462611910619307e+05
9.776596984597402625e+05
9.743798699430492707e+05
9.711067739534177817e+05
9.678404087938691955e+05
9.645807727580319624e+05
9.613278641301486641e+05
9.580816811850848608e+05
9.548422221883388702e+05
9.516094853960513137e+05
9.483834690550137311e+05
9.451641714026792906e+05
9.419515906671707053e+05
9.387457250672904775e+05
9.355465728125299793e+05
9.323541321030789986e+05
9.291684011298350524e+05
9.259893780744129326e+05
9.228170611091535538e+05
9.196514483971339650e+05
9.164925380921768956e+05
9.133403283388593700e+05
9.101948172725227196e+05
9.070560030192816630e+05
9.039238836960343178e+05
9.007984574104710482e+05
8.976797222610837780e+05
8.945676763371760026e+05
8.914623177188716363e+05
8.883636444771252573e+05
8.852716546737304889e+05
8.821863463613300119e+05
8.791077175834248774e+05
8.760357663743847515e+05
8.729704907594558317e+05
8.699118887547715567e+05
8.668599583673614543e+05
8.638146975951609202e+05
8.607761044270200655e+05
8.577441768427146599e+05
8.547189128129535820e+05
8.517003102993899956e+05
8.486883672546297312e+05
8.456830816222415306e+05
8.426844513367656618e+05
8.396924743234771304e+05
8.367071484983121045e+05
8.337284717681293841e+05
8.307564420308074914e+05
8.277910571752579417e+05
8.248323150814389810e+05
8.218802136203700211e+05
8.189347506541451439e+05
8.159959240359463729e+05
8.130637316100583412e+05
8.101381712118815631e+05
8.072192406679464038e+05
8.043069377959263511e+05
8.014012604046529159e+05
7.985022062941279728e+05
7.956097732555384282e+05
7.927239590712694917e+05
7.898447615149186458e+05
7.869721783513098489e+05
7.841062073365054093e+05
7.812468462178220507e+05
7.783940927338430192e+05
7.755479446144320536e+05
7.727083995807478204e+05
7.698754553452555556e+05
7.670491096117435955e+05
7.642293600753345527e+05
7.614162044224999845e+05
7.586096403310743626e+05
7.556737265721724834e+05
7.526084608063944615e+05
7.495497795838378370e+05
7.464976805479221512e+05
7.434521613334978465e+05
7.404132195668581408e+05
7.373808528657548595e+05
7.343550588394098449e+05
7.313358350885298569e+05
7.283231792053196114e+05
7.253170887734950520e+05
7.223175613682975527e+05
7.193245945565064903e+05
7.163381858964534476e+05
7.133583329380352516e+05
7.103850332227279432e+05
7.074182842835988849e+05
7.044580836453225929e+05
7.015044288241916802e+05
6.985573173281312920e+05
6.956167466567137744e+05
6.926827142997605260e+05
6.897552177372877486e+05
6.868342544409171678e+05
6.839198218739517033e+05
6.810119174913803581e+05
6.781105387398831081e+05
6.752156830578404479e+05
6.723273478753359523e+05
6.694455306141660549e+05
6.665702286878442392e+05
6.637014395016068593e+05
6.608391604524217546e+05
6.579833889289926738e+05
6.551341223117664922e+05
6.522913579729392659e+05
6.494550932764622848e+05
6.466253255780499894e+05
6.438020522251841612e+05
6.409852705571220722e+05
6.381749779049020726e+05
6.353711715913501102e+05
6.325738489310867153e+05
6.297830072305330541e+05
6.269986437879174482e+05
6.242207558932816610e+05
6.214493408284878824e+05
6.186843958672247827e+05
6.159259182750147302e+05
6.131739053092189133e+05
6.104283542190457229e+05
6.076892622455568053e+05
6.049566266216719523e+05
6.022304445721784141e+05
5.995107133137348574e+05
5.967974300548804458e+05
5.940905919960394967e+05
5.913901963295291644e+05
5.886962402395664249e+05
5.860087209022731986e+05
5.833276354856847320e+05
5.806529811497551855e+05
5.779847550463648513e+05
5.753229543193271384e+05
5.726675761043941602e+05
5.700186175292648841e+05
5.673760757135911845e+05
5.647399477689843625e+05
5.621102307990223635e+05
5.594869218992567621e+05
5.568700181572190486e+05
5.542595166524276137e+05
5.516554144574925303e+05
5.490577086384976283e+05
5.464663962539080530e+05
5.438814743541979697e+05
5.413029399818568490e+05
5.387307901713917963e+05
5.361650219493319746e+05
5.336056323342344258e+05
5.310526183366854675e+05
5.285059769593079109e+05
5.259657051967626903e+05
5.234318000357551500e+05
5.209042584550387692e+05
5.183830774254179560e+05
5.158682539097550325e+05
5.133597848629725631e+05
5.108576672320584767e+05
5.083618979560709558e+05
5.058724739661409985e+05
5.033893921854798682e+05
5.009126495293804910e+05
4.984422429052239750e+05
4.959781692124833353e+05
4.935204253427281510e+05
4.910690081796294544e+05
4.886239145989634562e+05
4.861851414686166681e+05
4.837526856485910248e+05
4.813265439910076093e+05
4.789067133401117753e+05
4.764931905322780367e+05
4.740859723960142583e+05
4.716850557519663125e+05
4.692904374129241332e+05
4.669021141838240437e+05
4.645200828617566731e+05
4.621443402359685861e+05
4.597748830878692679e+05
4.574117081910360139e+05
4.550548123112164903e+05
4.527041922063368838e+05
4.503598446265039966e+05
4.480217663140119985e+05
4.456899540033468511e+05
4.433644044211904984e+05
4.410451142864276189e+05
4.387320803101484198e+05
4.364252991956560872e+05
4.341247676384698134e+05
4.318304823263308499e+05
4.295424399392076302e+05
4.272606371493006591e+05
4.249850706200525165e+05
4.227157370056675281e+05
4.204526329521029256e+05
4.181957550975456834e+05
4.159451000724076293e+05
4.137006644993210211e+05
4.114624449931336567e+05
4.092304381609046832e+05
4.070046406018999405e+05
4.047850489075884689e+05
4.025716596616357565e+05
4.003644694399025757e+05
3.981634748104382306e+05
3.959686723334777635e+05
3.937800585614379961e+05
3.915976300389114767e+05
3.894213833026653156e+05
3.872513148816348985e+05
3.850874212969213258e+05
3.829296990617872216e+05
3.807781446816523094e+05
3.786327546540908515e+05
3.764935254688267596e+05
3.743604536077305675e+05
3.722335355448164046e+05
3.701127677462371066e+05
3.679981466702821199e+05
3.658896687673733104e+05
3.637873304800614715e+05
3.616911282430237625e+05
3.596010584830597509e+05
3.575171176190890837e+05
3.554393020621470641e+05
3.533676082153827883e+05
3.513020324740551878e+05
3.492425712255311664e+05
3.471892208492809441e+05
3.451419777168775909e+05
3.431008381919919048e+05
3.410657986303910147e+05
3.390368553799355868e+05
3.370140047805760987e+05
3.349972431643521413e+05
3.329865668553877622e+05
3.309819721698909998e+05
3.289834554161501583e+05
3.269910128945312463e+05
3.250046408974770457e+05
3.230243357095036190e+05
3.210500936071982142e+05
3.190819108592183329e+05
3.171197837262875400e+05
3.151637084616834763e+05
3.132136813122411259e+05
3.112696985178582836e+05
3.093317563104755245e+05
3.073998509140645619e+05
3.054739785446175374e+05
3.035541354101346806e+05
3.016403177106135990e+05
2.997325216380378697e+05
2.978307433763658628e+05
2.959349791015200317e+05
2.940452249813755043e+05
2.921614771757498384e+05
2.902837318363913801e+05
2.884119851069697179e+05
2.865462331230635755e+05
2.846864720121521968e+05
2.828326978936032392e+05
2.809849068786634598e+05
2.791430950704487041e+05
2.773072585639322642e+05
2.754773934459367301e+05
2.736534957951225806e+05
2.718355616819791030e+05
2.700237163935978897e+05
2.682180850932451431e+05
2.664186635955688544e+05
2.646254477070064750e+05
2.628384332257770002e+05
2.610576159418695606e+05
2.592829916370359715e+05
2.575145560847807210e+05
2.557523050503521226e+05
2.539962342907330021e+05
2.522463395546323154e+05
2.505026165824760683e+05
2.487650611063984688e+05
2.470336688502340112e+05
2.453084355295081623e+05
2.435893568514289800e+05
2.418764285148789641e+05
2.401696462104071397e+05
2.384690056202204432e+05
2.367745024181753397e+05
2.350861322697710712e+05
2.334038908321401104e+05
2.317277737540411763e+05
2.300577766758520156e+05
2.283938952295605559e+05
2.267361250387588516e+05
2.250844617186340038e+05
2.234389008759618737e+05
2.217994381087091751e+05
2.201660690048802644e+05
2.185387891428882722e+05
2.169175940926724579e+05
2.153024794156716671e+05
2.136934406648005825e+05
2.120904733844224829e+05
2.104935731103261933e+05
2.089027353696990758e+05
2.073179556811039802e+05
2.057392295544536319e+05
2.041665524909864180e+05
2.025999199832421727e+05
2.010393275150381960e+05
1.994847705614445731e+05
1.979362445887608919e+05
1.963937450544931926e+05
1.948572674073285889e+05
1.933268070871138480e+05
1.918023595248311758e+05
1.902839201425751671e+05
1.887714843535306863e+05
1.872650475619488861e+05
1.857646051631262526e+05
1.842701525433803909e+05
1.827816850800293032e+05
1.812991981413688045e+05
1.798226870866497047e+05
1.783521472660575528e+05
1.768875740206898190e+05
1.754289626825351734e+05
1.739763085744520649e+05
1.725296070101468358e+05
1.710888532941534650e+05
1.696540427218133118e+05
1.682251705792525318e+05
1.668022321433641482e+05
1.653852226817850024e+05
1.639741374528778251e+05
1.625689717057102825e+05
1.611697206800342537e+05
1.597763796062679030e+05
1.583889437054742593e+05
1.570074081893437542e+05
1.556317682601732668e+05
1.542620191108477302e+05
1.528981559248217382e+05
1.515401738760995213e+05
1.501880681292174850e+05
1.488418338392255828e+05
1.475014661516682245e+05
1.461669602026382927e+05
1.448383111202579457e+05
1.435155140245729126e+05
1.421985640260057990e+05
1.408874562253057957e+05
1.395821857135014143e+05
1.382827475718520582e+05
1.369891368717995938e+05
1.357013486749220174e+05
1.344193780328850262e+05
1.331432199873961508e+05
1.318728695701574907e+05
1.306083218028186820e+05
1.293495716969324276e+05
1.280966142539065331e+05
1.268494444649606012e+05
1.256080573110789992e+05
1.243724477629663888e+05
1.231426107810032554e+05
1.219185413152012043e+05
1.207002343051587231e+05
1.194876846800178755e+05
1.182808873584195971e+05
1.170798372484610882e+05
1.158845292476529721e+05
1.146949582428757567e+05
1.135111191103383899e+05
1.123330067155347206e+05
1.111606159132027533e+05
1.099939415472820401e+05
1.088329784508731682e+05
1.076777214461956173e+05
1.065281653445481788e+05
1.053843049462677445e+05
1.042461350406883284e+05
1.031136504061028827e+05
1.019868458097213879e+05
1.008657160076333676e+05
9.975025574476760812e+04
9.864045975485350937e+04
9.753632276038290001e+04
9.643783947257115506e+04
9.534500459131924435e+04
9.425781280517671257e+04
9.317625879130302928e+04
9.210033721543103456e+04
9.103004273183015175e+04
8.996536998326983303e+04
8.890631360098253936e+04
8.785286820462811738e+04
8.680502840234804899e+04
8.576278879099385813e+04
8.472614395597181283e+04
8.369508847089321353e+04
8.266961689749336801e+04
8.164972378555149771e+04
8.063540367281180806e+04
7.962665108490316197e+04
7.862346053526084870e+04
7.762582652504788712e+04
7.663374354307749309e+04
7.564720606573554687e+04
7.466620855690375902e+04
7.369074546788330190e+04
7.272081123731797561e+04
7.175640029111970216e+04
7.079750704239308834e+04
6.984412589136068709e+04
6.889625122528942302e+04
6.795387741841562092e+04
6.701699883187329397e+04
6.608560981362056918e+04
6.515970469836774282e+04
6.423927780750533566e+04
6.332432344903238118e+04
6.241483591748634353e+04
6.151080949387233704e+04
6.061223844559327699e+04
5.971911702637979761e+04
5.883143947622226551e+04
5.794920002130116336e+04
5.707239287392026745e+04
5.620101223243796267e+04
5.533505228120042011e+04
5.447450719047547318e+04
5.361937111638509668e+04
5.276963820084137842e+04
5.192530257148016244e+04
5.108635834159608930e+04
5.025279961007880047e+04
4.942462046134890988e+04
4.860181496529513970e+04
4.778437717721005902e+04
4.697230113772861660e+04
4.616558087276574224e+04
4.536421039345534518e+04
4.456818369608884677e+04
4.377749476205371320e+04
4.299213755742460489e+04
4.221210603239946067e+04
4.143739412151416764e+04
4.066799574394989759e+04
3.990390480336640030e+04
3.914511518773389980e+04
3.839162076916545630e+04
3.764341540375305340e+04
3.690049293140135705e+04
3.616284717566566542e+04
3.543047194358753040e+04
3.470336102553363889e+04
3.398150819503515959e+04
3.326490720862662420e+04
3.255355180568853393e+04
3.184743570828763768e+04
3.114655262102093548e+04
3.045089623085921630e+04
2.976046020699106157e+04
2.907523820066917688e+04
2.839522384505672380e+04
2.772041075507504866e+04
2.705079252725234255e+04
2.638636273957230151e+04
2.572711495132558048e+04
2.507304270295938477e+04
2.442413951593218371e+04
2.378039889256423339e+04
2.314181431589322165e+04
2.250837924952898175e+04
2.188008713751006871e+04
2.125693140415987000e+04
2.063890545394411311e+04
2.002600267133070156e+04
1.941821642064955086e+04
1.881554004595149308e+04
1.821796687087276950e+04
1.762549019849486649e+04
1.703810331120947376e+04
1.645579947058251128e+04
1.587857191721955314e+04
1.530641387063264847e+04
1.473931852910667658e+04
1.417727906956803054e+04
1.362028864745423198e+04
1.306834039641171694e+04
1.252142742609092966e+04
1.197954282213607803e+04
1.144267964803148061e+04
1.091083094487665221e+04
1.038398973115999252e+04
9.862149002535734326e+03
9.345301731604151428e+03
8.833440867688041180e+03
8.326559336615260690e+03
7.824650040500797331e+03
7.327705857530236244e+03
6.835719641745556146e+03
6.348684222829993814e+03
5.866592405897099525e+03
5.389436971279792488e+03
4.917210674320347607e+03
4.449906245163641870e+03
3.987516388549003750e+03
3.530033783606719226e+03
3.077451083651743829e+03
2.629760915984399617e+03
2.186955881686415523e+03
1.749028555423486978e+03
1.315971485245507210e+03
8.877771923900581896e+02
4.644381710877642035e+02
4.594688836764544249e+01
-3.677042161365970969e+02
-7.765227303756400943e+02
-1.180516270077321678e+03
-1.579692478932440281e+03
-1.974059028783347458e+03
-2.363623619809281081e+03
-2.748393980711232871e+03
-3.128377868894021958e+03
-3.503583070649299771e+03
-3.874017401333898306e+03
-4.239688705549575388e+03
-4.600604857320897281e+03
-4.956773760270327330e+03
-5.308203347793780267e+03
-5.654901583232451230e+03
-5.996876457873731852e+03
-6.334135990496259183e+03
-6.666688230229541659e+03
-6.994541258163284510e+03
-7.317703188105951995e+03
-7.636182167341001332e+03
-7.949986377377994359e+03
-8.259124034700449556e+03
-8.563603391507640481e+03
-8.863432736454531550e+03
-9.158620395386591554e+03
-9.449174732068553567e+03
-9.735104148912243545e+03
-1.001641708769742399e+04
-1.029312203029077500e+04
-1.056522749935882166e+04
-1.083274205907713622e+04
-1.109567431583581492e+04
-1.135403291893983260e+04
-1.160782656130660325e+04
-1.185706398015841842e+04
-1.210175395771069452e+04
-1.234190532185556367e+04
-1.257752694684267044e+04
-1.280862775395484641e+04
-1.303521671217866242e+04
-1.325730283887265250e+04
-1.347489520043088123e+04
-1.368800291294045746e+04
-1.389663514283765107e+04
-1.410080110755749047e+04
-1.430051007618056610e+04
-1.449577137007471174e+04
-1.468659436353296041e+04
-1.487298848440824077e+04
-1.505496321474201977e+04
-1.523252809138875455e+04
-1.540569270663894713e+04
-1.557446670883428305e+04
-1.573885980287147686e+04
-1.589888175059389323e+04
-1.605454237106768414e+04
-1.620585154072241858e+04
-1.635281919346982613e+04
-1.649545532081928104e+04
-1.663376997199235484e+04
-1.676777325403597206e+04
-1.689747533193277195e+04
-1.702288642871007323e+04
-1.714401682554790750e+04
-1.726087686188286170e+04
-1.737347693551285192e+04
-1.748182750269863755e+04
-1.758593907826347277e+04
-1.768582223569089547e+04
-1.778148760722111911e+04
-1.787294588394556195e+04
-1.796020781589951366e+04
-1.804328421215293929e+04
-1.812218594089802355e+04
-1.819692392953857780e+04
-1.826750916477339342e+04
-1.833395269268006086e+04
-1.839626561879785731e+04
-1.845445910820551217e+04
-1.850854438560036942e+04
-1.855853273537429050e+04
-1.860443550168769434e+04
-1.864626408854266629e+04
-1.868402995985234156e+04
-1.871774463951122016e+04
-1.874741971146129072e+04
-1.877306681975722313e+04
-1.879469766862969846e+04
-1.881232402396807447e+04
-1.882595771615020931e+04
-1.883561064422223717e+04
-1.884129478182457387e+04
-1.884302218342805281e+04
-1.884080499053699896e+04
-1.883465543785504997e+04
-1.882458585942070931e+04
-1.881060869470564649e+04
-1.879273649468179792e+04
-1.877098192785261199e+04
-1.874535778624983504e+04
-1.871587699139956385e+04
-1.868255260025011376e+04
-1.864539781106915325e+04
-1.860442596930451691e+04
-1.855965057341195643e+04
-1.851108528065076098e+04
-1.845874391284165904e+04
-1.840264046209305525e+04
-1.834278909649420530e+04
-1.827920416577113792e+04
-1.821190020691230893e+04
-1.814089194975746796e+04
-1.806619432255346328e+04
-1.798782245747698471e+04
-1.790579169612191617e+04
-1.782011759495269507e+04
-1.773081593072554097e+04
-1.763790270587336272e+04
-1.754139415385387838e+04
-1.744130674240179360e+04
-1.733765716925542802e+04
-1.723046235048538074e+04
-1.711973940691025928e+04
-1.700550565058132634e+04
-1.688777857133280486e+04
-1.676657582340063527e+04
-1.664191521210968494e+04
-1.651381468062661588e+04
-1.638229229678073898e+04
-1.624736623995332047e+04
-1.610905478803301230e+04
-1.596737630443926901e+04
-1.582234922521468252e+04
-1.567399204618204385e+04
-1.552232331017032266e+04
-1.536736159430909902e+04
-1.520912549738865346e+04
-1.504763362728804350e+04
-1.488290458847209811e+04
-1.471495696955407038e+04
-1.454380933092581108e+04
-1.436948019245639443e+04
-1.419198802125873044e+04
-1.401135121952136979e+04
-1.382758811241015792e+04
-1.364071694086911157e+04
-1.345075589807936922e+04
-1.325772321960330009e+04
-1.306163728802883998e+04
-1.286251673693303019e+04
-1.266038055426254869e+04
-1.245524818513030186e+04
-1.224713963403133675e+04
-1.203607556647621095e+04
-1.182207741003856063e+04
-1.160516745482338592e+04
-1.138536895335093141e+04
-1.116270621985848993e+04
-1.093720472901873291e+04
-1.070889121407642961e+04
-1.047779376440169290e+04
-1.024394192246114835e+04
-1.000736678020562977e+04
-9.768101074875798076e+03
-9.526179284224752337e+03
-9.281637721158564091e+03
-9.034514623271767050e+03
-8.784850099371746182e+03
-8.532685812512412667e+03
-8.278064536426682025e+03
-8.021029711894225329e+03
-7.761625005628913641e+03
-7.499893871685490012e+03
-7.235879115381278098e+03
-6.969622459737118334e+03
-6.701164114437066019e+03
-6.430542347304988652e+03
-6.157793058298993856e+03
-5.882949356024153531e+03
-5.606041136762592942e+03
-5.327094666022807360e+03
-5.046132162604946643e+03
-4.763171399877406657e+03
-4.478226103022694588e+03
-4.191308248599059880e+03
-3.902431562365032732e+03
-3.611615082588046789e+03
-3.318886702395509928e+03
-3.024286691165529191e+03
-2.727871194957289845e+03
-2.429715715983416885e+03
-2.129918571121525019e+03
-1.828604329466354102e+03
-1.525927228047046810e+03
-1.222074566867668182e+03
-9.172700851010158658e+02
-6.117773162066005170e+02
-3.059029210330918431e+02
9.313225746154785156e-10
