1.116561961349354824e+05
1.115803657645169587e+05
1.114534060464210634e+05
1.113179839302627224e+05
1.111755185380534385e+05
1.110273145150765340e+05
1.108745553058028745e+05
1.107183090633725515e+05
1.105595249367017968e+05
1.103990377689034940e+05
1.102375645092885097e+05
1.100757062653253524e+05
1.099139499199236598e+05
1.097526269462242490e+05
1.095920373666389496e+05
1.094323269805869786e+05
1.092735294324259594e+05
1.091155684611110046e+05
1.089582955523519922e+05
1.088015522118224762e+05
1.086451933580374025e+05
1.084890881338074978e+05
1.083331196090100129e+05
1.081771857397059939e+05
1.080211573741523607e+05
1.078649983449198044e+05
1.077086470233373839e+05
1.075520556033716857e+05
1.073951897140595975e+05
1.072380287157348939e+05
1.070805661789737787e+05
1.069228083513241581e+05
1.067647736803401349e+05
1.066064948411159421e+05
1.064480135770560737e+05
1.062893324064345215e+05
1.061305333183953335e+05
1.059716554916684690e+05
1.058127345336724102e+05
1.056538023233703716e+05
1.054948890567506605e+05
1.053360222095363133e+05
1.051772266220639576e+05
1.050185244674222922e+05
1.048598950060764619e+05
1.047013963874467445e+05
1.045430419744957471e+05
1.043848434596534644e+05
1.042268099760338082e+05
1.040689480493264855e+05
1.039112616798149829e+05
1.037537532291936950e+05
1.035964216129532870e+05
1.034392622356421780e+05
1.032822689812042227e+05
1.031253925626939745e+05
1.029686650773345027e+05
1.028120779130713781e+05
1.026556238789472263e+05
1.024992953464816237e+05
1.023430842185005022e+05
1.021869838415486884e+05
1.020309880425894225e+05
1.018750911339226877e+05
1.017192879097644036e+05
1.015635745857577276e+05
1.014079058907093422e+05
1.012523181177899678e+05
1.010968079537126905e+05
1.009413725667126273e+05
1.007860095782537537e+05
1.006307170894283336e+05
1.004754945952726121e+05
1.003203411199732654e+05
1.001652551803761744e+05
1.000102367138527188e+05
9.985528609303507255e+04
9.970036304814007599e+04
9.954550996187224519e+04
9.939072950225809473e+04
9.923602384770917706e+04
9.908139461683818081e+04
9.892684455810359214e+04
9.877237633860002097e+04
9.861799252582769259e+04
9.846369556902092882e+04
9.830948876607237617e+04
9.815537435039240518e+04
9.800131233883413370e+04
9.784734591516127693e+04
9.769347699330252362e+04
9.753970738299259392e+04
9.738603878725388495e+04
9.723247375400167948e+04
9.707901377722668985e+04
9.692565929526241962e+04
9.677241159520624205e+04
9.661927185809629736e+04
9.646624116601771675e+04
9.631327933984828996e+04
9.616042936318856664e+04
9.600769201433462149e+04
9.585506701570590667e+04
9.570255494553410972e+04
9.555015627620779560e+04
9.539787138770024467e+04
9.524570055468322244e+04
9.509364490989889600e+04
9.494170453221155913e+04
9.478987846161122434e+04
9.463812546549626859e+04
9.448648645428814052e+04
9.433496112559422909e+04
9.418354915069426352e+04
9.403225118911627214e+04
9.388106696617916168e+04
9.372999528605326486e+04
9.357903591622572276e+04
9.342818865105633449e+04
9.327745329953386681e+04
9.312682969710959878e+04
9.297627755801094463e+04
9.282583784206716518e+04
9.267550949738106283e+04
9.252529243474529358e+04
9.237518659059010679e+04
9.222519191567925736e+04
9.207530838615950779e+04
9.192553693988792656e+04
9.177587759219582949e+04
9.162628836613762542e+04
9.147681037468326394e+04
9.132744369157600158e+04
9.117818840407356038e+04
9.102904462427568797e+04
9.088001342457110877e+04
9.073109495488303946e+04
9.058228843076643534e+04
9.043359403986636607e+04
9.028501198222636594e+04
9.013654248268515221e+04
8.998814475295398734e+04
8.983986102634837152e+04
8.969169158270159096e+04
8.954363576636268408e+04
8.939569389355994645e+04
8.924786629140855803e+04
8.910015331016853452e+04
8.895255529589710932e+04
8.880507354244573798e+04
8.865770838345278753e+04
8.851045920899191697e+04
8.836328535872802604e+04
8.821622813964754459e+04
8.806928787085117074e+04
8.792246485663279600e+04
8.777576035001057608e+04
8.762917464333552925e+04
8.748270708760218986e+04
8.733635796384957212e+04
8.719012755737263069e+04
8.704401613775028090e+04
8.689802397920782096e+04
8.675211135624225426e+04
8.660631946003384655e+04
8.646064760379167274e+04
8.631509602899602032e+04
8.616966498269888689e+04
8.602435469529969851e+04
8.587916540312051075e+04
8.573409826908216928e+04
8.558915351866101264e+04
8.544433041663462063e+04
8.529962917815297260e+04
8.515500913651574228e+04
8.501051136093566311e+04
8.486613605100304994e+04
8.472188433116086526e+04
8.457775639047803998e+04
8.443375145757640712e+04
8.428986971154349158e+04
8.414611131342721637e+04
8.400247643220856844e+04
8.385896521865556133e+04
8.371557877320356783e+04
8.357227645399392350e+04
8.342909830151540518e+04
8.328604449255546206e+04
8.314311516213115829e+04
8.300031045945991355e+04
8.285763052022285410e+04
8.271507643484903383e+04
8.257264833934605122e+04
8.243034544402905158e+04
8.228816788584733149e+04
8.214611581653339090e+04
8.200414865862047009e+04
8.186230727966851555e+04
8.172059277184869279e+04
8.157900527331700141e+04
8.143754399839990947e+04
8.129620908613821666e+04
8.115500069105564035e+04
8.101391895273431146e+04
8.087296402644293266e+04
8.073213699016689498e+04
8.059143799964364734e+04
8.045082562664868601e+04
8.031034065850207116e+04
8.016998325231259514e+04
8.002975354946254811e+04
7.988965170774693252e+04
7.974967880559744663e+04
7.960983500121015823e+04
7.947011949992724112e+04
7.933053246086319268e+04
7.919103346999650239e+04
7.905166324379874277e+04
7.891242194238840602e+04
7.877331064435918233e+04
7.863432951016350125e+04
7.849547774793676217e+04
7.835675551900148275e+04
7.821816296744502324e+04
7.807970025516854366e+04
7.794136752660034108e+04
7.780316587802686263e+04
7.766505499367852462e+04
7.752707453649418312e+04
7.738922464094983297e+04
7.725150544841769442e+04
7.711391711973678321e+04
7.697645979624061147e+04
7.683913456915259303e+04
7.670194157724708202e+04
7.656488004481140524e+04
7.642795010881932103e+04
7.629115192425891291e+04
7.615444526900909841e+04
7.601787065306436853e+04
7.588142915938276565e+04
7.574512091923158732e+04
7.560894515174531261e+04
7.547290198644204065e+04
7.533699157166059013e+04
7.520121403480038862e+04
7.506556952230879688e+04
7.493005908859593910e+04
7.479468287791329203e+04
7.465939983712149842e+04
7.452425035573833156e+04
7.438923457557996153e+04
7.425435261677540257e+04
7.411960461928561563e+04
7.398499162862368394e+04
7.385051378258195473e+04
7.371617026931585860e+04
7.358196122510454734e+04
7.344788676391265471e+04
7.331394702019524993e+04
7.318010197567075375e+04
7.304639281891781138e+04
7.291281968139435048e+04
5.860032989786910912e+04
5.846702729444957367e+04
5.833386013003499829e+04
5.820082853282628639e+04
5.806793260779168486e+04
5.793517340528819477e+04
5.780255102788472141e+04
5.767006467595905269e+04
5.753767444335199252e+04
5.740542046013705112e+04
5.727330284249385295e+04
5.714132167846962693e+04
5.700947800657930929e+04
5.687777192342908529e+04
5.674620262637708220e+04
5.661477021130106004e+04
5.648347479704362922e+04
5.635231647832920135e+04
5.622129537304813857e+04
5.609037261680397933e+04
5.595958820425723388e+04
5.582894133137398603e+04
5.569843209005031531e+04
5.556806059584943432e+04
5.543782693952018599e+04
5.530773123567832954e+04
5.517777449207963946e+04
5.504795682202780881e+04
5.491827739538253081e+04
5.478873632486646238e+04
5.465929395476367790e+04
5.452999013988472871e+04
5.440082499158720748e+04
5.427179951166558749e+04
5.414291381016201194e+04
5.401416705499857926e+04
5.388555935564941319e+04
5.375709079549380112e+04
5.362876148306739196e+04
5.350053278707232676e+04
5.337244444272122928e+04
5.324449564227861993e+04
5.311668646633865865e+04
5.298901702114350337e+04
5.286148738615775801e+04
5.273409766668996599e+04
5.260684885341327754e+04
5.247974105031475483e+04
5.235277342179758853e+04
5.222594607130504301e+04
5.209921959278872237e+04
5.197263357089522469e+04
5.184618810772270808e+04
5.171988418788662239e+04
5.159372191216046485e+04
5.146770044322900503e+04
5.134181988133486448e+04
5.121608029868780432e+04
5.109048179789658025e+04
5.096502445441261079e+04
5.083970927557802497e+04
5.071449700039460731e+04
5.058942614807030623e+04
5.046449681535570562e+04
5.033970907022219762e+04
5.021506300835986622e+04
5.009055869649071974e+04
4.996619713490788854e+04
4.984197838859275362e+04
4.971790164504866698e+04
4.959396696850741864e+04
4.947017445149377454e+04
4.934648498422336706e+04
4.922293783095044637e+04
4.909953398600278888e+04
4.897627351006684330e+04
4.885315558935000445e+04
4.873018028380975011e+04
4.860734768235998490e+04
4.848465784373235510e+04
4.836211085580311192e+04
4.823970767694066308e+04
4.811744839355778822e+04
4.799529315110734751e+04
4.787328104486411030e+04
4.775141216016758699e+04
4.762968655153112923e+04
4.750810430326712958e+04
4.738666636709935119e+04
4.726537282587964000e+04
4.714422283276526286e+04
4.702321647002139798e+04
4.690235378854051669e+04
4.678163486956982524e+04
4.666102092215952871e+04
4.654055176311468676e+04
4.642022747176250414e+04
4.630004719959283830e+04
4.618001102536427061e+04
4.606011899583143531e+04
4.594037118874533917e+04
4.582076764967406052e+04
4.570130934875168896e+04
4.558199632982895127e+04
4.546282777481054654e+04
4.534376506066389265e+04
4.522484692836910835e+04
4.510607345221709693e+04
4.498744469170429511e+04
4.486896162983772228e+04
4.475062430735692033e+04
4.463243190557252092e+04
4.451438446396934160e+04
4.439648205434622651e+04
4.427868619579600636e+04
4.416103547880376573e+04
4.404353086221558624e+04
4.392617238265729975e+04
4.380895922144604265e+04
4.369189141481473052e+04
4.357496903193161415e+04
4.345819210808971548e+04
4.334156071169427014e+04
4.322507576246894314e+04
4.310873732758220285e+04
4.299250621945415332e+04
4.287642084002913907e+04
4.276048125584813533e+04
4.264468749896067311e+04
4.252903963514574571e+04
4.241353857814014191e+04
4.229818439247983042e+04
4.218297622514980321e+04
4.206791414040405652e+04
4.195299816747970181e+04
4.183822836986985931e+04
4.172356663043249864e+04
4.160905203717330005e+04
4.149468465199961793e+04
4.138046362145151943e+04
4.126638900716279750e+04
4.115246083514031488e+04
4.103867916625812359e+04
4.092504402558977017e+04
4.081155635023530340e+04
4.069821616375590384e+04
4.058502264802495483e+04
4.047193787578918273e+04
4.035899985610356089e+04
4.024620864722714759e+04
4.013356427101299050e+04
4.002106765905435896e+04
3.990871883168688510e+04
3.979651697105760104e+04
3.968446209715728764e+04
3.957255426596997131e+04
3.946079349655739497e+04
3.934917984414676903e+04
3.923767644769322942e+04
3.912632109791709809e+04
3.901511295921714918e+04
3.890405204386777768e+04
3.879313840535882628e+04
3.868237205973014352e+04
3.857175305979515542e+04
3.846128228882441181e+04
3.835095979843760142e+04
3.824078473429830046e+04
3.813075714786358003e+04
3.802083950752994861e+04
3.791106940917369502e+04
3.780144690327721764e+04
3.769197286714610527e+04
3.758264735005999682e+04
3.747346949778127600e+04
3.736443935943213000e+04
3.725555694557519746e+04
3.714682230465282919e+04
3.703823544637794839e+04
3.692979728047084063e+04
3.682147048046189593e+04
3.671329156565904850e+04
3.660526058284335886e+04
3.649737753964234435e+04
3.638964248215558473e+04
3.628205541715984873e+04
3.617461724889909965e+04
3.606732798267621547e+04
3.596018680386130291e+04
3.585319371752685402e+04
3.574634876772342250e+04
3.563961483937257435e+04
3.553302909514118801e+04
3.542659243374357175e+04
3.532030485753536050e+04
3.521416555270768004e+04
3.510817452139209490e+04
3.500233180528620142e+04
3.489663740566946217e+04
3.479109136355482042e+04
3.468565759254222212e+04
3.458037307156951283e+04
3.447523698769131443e+04
3.437024934009579010e+04
3.426541016812258749e+04
3.416071947010721487e+04
3.405617728470340080e+04
3.395178445845395618e+04
3.384754102876762045e+04
3.374344614256889326e+04
3.363949983713676920e+04
3.353566540544477175e+04
3.343197961601364659e+04
3.332844251096133667e+04
3.322505493084457703e+04
3.312181691117063747e+04
3.301872759982474963e+04
3.291578703249830869e+04
3.281299520291572844e+04
3.271035214638411708e+04
3.260785785607463913e+04
3.250551320927211782e+04
3.240328171336371452e+04
3.230119904450257309e+04
3.219926523705638829e+04
3.209748028283330495e+04
3.199584421580185881e+04
3.189435702720143308e+04
3.179301958954520524e+04
3.169183189283350657e+04
3.159079313069533964e+04
3.148990329321716854e+04
3.138916241314315994e+04
3.128853423032960563e+04
3.118805502675320895e+04
3.108772567005723249e+04
3.098754614823470183e+04
3.088751565695481258e+04
3.078763418428893783e+04
3.068790176154834626e+04
3.058831837620773877e+04
3.048888405914840405e+04
3.038959962912683841e+04
3.029046511599663063e+04
3.019144366391364019e+04
3.009257131243453478e+04
2.999384809138863056e+04
2.989527398616980645e+04
2.979684902616355976e+04
2.969857402446999913e+04
2.960044900942611275e+04
2.950247313618182670e+04
2.940464643322127813e+04
2.930696888407872757e+04
2.920944051678283722e+04
2.911202554982421861e+04
2.901476059990098292e+04
2.891764569378618035e+04
2.882067998807365075e+04
2.872386350967729231e+04
2.862719623995952134e+04
2.853067820536551881e+04
2.843430938661692198e+04
2.833809062525149784e+04
2.824202188385842601e+04
2.814610235505714081e+04
2.805029650447027234e+04
2.795463987162620469e+04
2.785913248187681893e+04
2.776377431440871442e+04
2.766856621170011931e+04
2.757350815182791848e+04
2.747859934170977795e+04
2.738383975971976179e+04
2.728922943050801405e+04
2.719476833203199203e+04
2.710045648869429715e+04
2.700625943279855710e+04
2.691221244660794036e+04
2.681831473995345004e+04
2.672456628975944477e+04
2.663096711982053239e+04
2.653751720661846048e+04
2.644421657367584703e+04
2.635106600673787761e+04
2.625806552841258235e+04
2.616517925787877175e+04
2.607244226405057998e+04
2.597985456978257571e+04
2.588741614999131707e+04
2.579512702723550319e+04
2.570298798181979510e+04
2.561099903535730846e+04
2.551915935521204665e+04
2.542746896332877805e+04
2.533592783317460271e+04
2.524453598637825053e+04
2.515325861483589688e+04
2.506213132289143687e+04
2.497115413108134817e+04
2.488032620896048320e+04
2.478964757738109620e+04
2.469911820808424091e+04
2.460873812158321380e+04
2.451850728909835743e+04
2.442842652881079994e+04
2.433849581066817336e+04
2.424871435581451806e+04
2.415904762367907097e+04
2.406953014444452128e+04
2.398016193742984615e+04
2.389094297202235612e+04
2.380187406118573563e+04
2.371295517300376378e+04
2.362418553137512936e+04
2.353556510876759421e+04
2.344709393986802024e+04
2.335877200480879401e+04
2.327059932182404737e+04
2.318254241370473756e+04
2.309463553301255160e+04
2.300687790757793118e+04
2.291926950513766496e+04
2.283181034425868711e+04
2.274450039259229379e+04
2.265733966879760555e+04
2.257032892619106860e+04
2.248346818283018365e+04
2.239675661961745936e+04
2.231019425535415940e+04
2.222374710388953099e+04
2.213744913753398578e+04
2.205130037520948099e+04
2.196530156565606012e+04
2.187945272714039311e+04
2.179375304424930073e+04
2.170820253595522081e+04
2.162280116904829629e+04
2.153754896250776073e+04
2.145244588293212291e+04
2.136749272668786580e+04
2.128265579314366914e+04
2.119796798940369627e+04
2.111342933445444214e+04
2.102903979440148396e+04
2.094479938819359813e+04
2.086070885552576510e+04
2.077676821459353960e+04
2.069297665638949547e+04
2.060933419974699791e+04
2.052584081001089362e+04
2.044249650593921251e+04
2.035926787935878383e+04
2.027618909169200924e+04
2.019326016089957557e+04
2.011048028133863409e+04
2.002784947157265560e+04
1.994536769595816440e+04
1.986303497294048429e+04
1.978085126655096246e+04
1.969881736024681595e+04
1.961693321691376332e+04
1.953519808886201645e+04
1.945357886530623364e+04
1.937210863838779915e+04
1.929078742609222536e+04
1.920961519053304801e+04
1.912859269418676558e+04
1.904771988363415585e+04
1.896699601573996188e+04
1.888642105368348712e+04
1.880599501638827496e+04
1.872568504246046359e+04
1.864552397639027913e+04
1.856551259426756587e+04
1.848565085944840393e+04
1.840593803538635257e+04
1.832637408659369976e+04
1.824695903402460681e+04
1.816769284250051714e+04
1.808857553348866350e+04
1.800960782369101071e+04
1.793078973432013299e+04
1.785208796368865296e+04
1.777353504883800633e+04
1.769513101246976294e+04
1.761687582034221850e+04
1.753876949558967317e+04
1.746081275115738390e+04
1.738300560983592004e+04
1.730534728991932934e+04
1.722783781533649017e+04
1.715047715236023942e+04
1.707326532528414100e+04
1.699617010286157893e+04
1.691922444969073695e+04
1.684242838986554125e+04
1.676578114680883300e+04
1.668928274568430788e+04
1.661293315314830397e+04
1.653673239465185907e+04
1.646068043689163460e+04
1.638477804316667607e+04
1.630902517932909541e+04
1.623342113298262120e+04
1.615793399727546785e+04
1.608259567194282135e+04
1.600740618332762097e+04
1.593236549814089085e+04
1.585747437569411704e+04
1.578273278176308668e+04
1.570814000948773173e+04
1.563369602542514622e+04
1.555940085642233316e+04
1.548525446892672335e+04
1.541125688991195057e+04
1.533737727046800137e+04
1.526364717562464648e+04
1.519006590169326228e+04
1.511663341582700377e+04
1.504334974686265923e+04
1.497021486289100721e+04
1.489722879392214236e+04
1.482439223181495618e+04
1.475170520691183629e+04
1.467916696528845932e+04
1.460677753918411327e+04
1.453450569597979484e+04
1.446238267224407173e+04
1.439040850185844465e+04
1.431858387453884643e+04
1.424690882435689855e+04
1.417538260512833949e+04
1.410400525270189974e+04
1.403277674031989591e+04
1.396169710476057662e+04
1.389076631989779708e+04
1.381998513616104901e+04
1.374932267095155839e+04
1.367880910536200099e+04
1.360844447840259818e+04
1.353822876542148879e+04
1.346816200623138866e+04
1.339824417667464877e+04
1.332847602491278667e+04
1.325885752631792275e+04
1.318938801377920026e+04
1.312003689823017339e+04
1.305083478744995955e+04
1.298178172384967911e+04
1.291287768476903148e+04
1.284412341558474873e+04
1.277551889302086784e+04
1.270706345756612427e+04
1.263875708716303052e+04
1.257059982604331162e+04
1.250259165239639697e+04
1.243473261099257797e+04
1.236699317457940197e+04
1.229940359010957764e+04
1.223196320533602557e+04
1.216467199897911632e+04
1.209753001708192460e+04
1.203053723848346272e+04
1.196369371290106210e+04
1.189700011866571731e+04
1.183045650739614211e+04
1.176406216814546497e+04
1.169781715194757271e+04
1.163169161308468028e+04
1.156571543530102645e+04
1.149988867405267956e+04
1.143421200319865602e+04
1.136868548010422091e+04
1.130330840821190213e+04
1.123808084849317675e+04
1.117300279361533467e+04
1.110807430719645345e+04
1.104329538414855779e+04
1.097866677095596970e+04
1.091415901713172207e+04
1.084980095673509641e+04
1.078559265976621828e+04
1.072153412648629455e+04
1.065762542928430776e+04
1.059386657038559497e+04
1.053025829905370483e+04
1.046680061839144037e+04
1.040349292986691580e+04
1.034033523939146835e+04
1.027732762607921904e+04
1.021444104562235589e+04
1.015170463118063344e+04
1.008911913380466285e+04
1.002668456265995337e+04
9.964400332432516734e+03
9.902266454842116218e+03
9.840283016141198459e+03
9.778450029508443549e+03
9.716767583049251698e+03
9.655236353979838896e+03
9.593856431236286880e+03
9.532598522313113790e+03
9.471491363484572503e+03
9.410535047292039962e+03
9.349729591533701750e+03
9.289075090363257914e+03
9.228572219263704028e+03
9.168221072962187463e+03
9.108021015314850956e+03
9.047972163329061004e+03
8.988074556799881975e+03
8.928328295995888766e+03
8.868705181683137198e+03
8.809234191862778971e+03
8.749915431243003695e+03
8.690748277625811170e+03
8.631732840113967541e+03
8.572869150778802577e+03
8.514157322028331691e+03
8.455597388678448624e+03
8.397190110307943542e+03
8.338935523265929078e+03
8.280833101277923561e+03
8.222855096347178915e+03
8.165029418132166029e+03
8.107356189927406376e+03
8.049835455404609093e+03
7.992467978159038466e+03
7.935253802988852840e+03
7.878192420291597955e+03
7.821283878117523273e+03
7.764528307994012721e+03
7.707898340652041952e+03
7.651421529514977010e+03
7.595098640820331639e+03
7.538929726494607166e+03
7.482914292554312851e+03
7.427052393827412743e+03
7.371344170468451921e+03
7.315789678964923951e+03
7.260389061678375583e+03
7.205143000508047407e+03
7.150051638846634887e+03
7.095087458347465144e+03
7.040277558304413105e+03
6.985622086326038698e+03
6.931121104039673810e+03
6.876774760928892647e+03
6.822583736663713353e+03
6.768548181404141360e+03
6.714667541029310087e+03
6.660941950283187907e+03
6.607371451252489351e+03
6.553956199503678363e+03
6.500669807812198997e+03
6.447539530547161121e+03
6.394565550874394830e+03
6.341747358689215616e+03
6.289085152185754851e+03
6.236579045121005038e+03
6.184229249270123546e+03
6.132035891026913305e+03
6.079999797687793034e+03
6.028121106681646779e+03
5.976399452551748254e+03
5.924809024897869676e+03
5.873376035306748236e+03
5.822100740777372266e+03
5.770983309387607733e+03
5.720024604923339211e+03
5.669224805253732484e+03
5.618583595539268572e+03
5.568101165656888043e+03
5.517777808123282739e+03
5.467613723209520685e+03
5.417609214654410607e+03
5.367739651822921587e+03
5.318030775742256083e+03
5.268482318694703281e+03
5.219094505722416216e+03
5.169867667540645925e+03
5.120802038423091290e+03
5.071897959249079577e+03
5.023156251650492777e+03
4.974577265088199056e+03
4.926160671485369676e+03
4.877906831139524002e+03
4.829791141399226035e+03
4.781838834476599004e+03
4.734050284766810364e+03
4.686426333346593310e+03
4.638967358946625609e+03
4.591673062910747831e+03
4.544543825298780575e+03
4.497579916114977095e+03
4.450781713756077806e+03
4.404149485276677296e+03
4.357684168391700950e+03
4.311361764007655438e+03
4.265206346084945835e+03
4.219218288749514613e+03
4.173397851551286294e+03
4.127745406626898330e+03
4.082261210236494662e+03
4.036946184296684805e+03
3.991800580169205205e+03
3.946824212440333213e+03
3.902017330492162728e+03
3.857380299933589413e+03
3.812889743635314517e+03
3.768569647794924094e+03
3.724420917069714051e+03
3.680443790493707638e+03
3.636638084177044220e+03
3.593004034903075080e+03
3.549541999976514489e+03
3.506252212291248725e+03
3.463135026497897343e+03
3.420168132075268659e+03
3.377374951115649310e+03
3.334755300555058056e+03
3.292309403486142401e+03
3.250037607862032019e+03
3.207940132581017679e+03
3.166017322648840491e+03
3.124269926143417251e+03
3.082698321880743606e+03
3.041302278659219155e+03
3.000082276816392550e+03
2.959016362359092454e+03
2.918127496296714526e+03
2.877416336424052133e+03
2.836883974740398116e+03
2.796531182244041702e+03
2.756358137994786375e+03
2.716365726969597745e+03
2.676554749764283770e+03
2.636926201196736656e+03
2.597480987660339451e+03
2.558220711199814104e+03
2.519124787088207086e+03
2.480215513049362926e+03
2.441494148487152415e+03
2.402961853219909244e+03
2.364619987926431349e+03
2.326470298269137857e+03
2.288514241871715058e+03
2.250752677157288417e+03
2.213187160041226889e+03
2.175819131432872382e+03
2.138650241286974051e+03
2.101661298096878454e+03
2.064875240510751610e+03
2.028293854201605427e+03
1.991918319123651600e+03
1.955750511128455400e+03
1.919792151571498835e+03
1.884045091389925801e+03
1.848510876662854571e+03
1.813191560883366037e+03
1.778088408845942467e+03
1.743202276726326090e+03
1.708514445672422880e+03
1.674045681716015679e+03
1.639796907411204302e+03
1.605768718355422607e+03
1.571962223728842218e+03
1.538377757628069958e+03
1.505015281114116078e+03
1.471874877313181059e+03
1.438956706429744372e+03
1.406260603784408886e+03
1.373786485559918219e+03
1.341515763298288221e+03
1.309466722698081867e+03
1.277638491305609932e+03
1.246030309073175886e+03
1.214641503722028574e+03
1.183471086553545319e+03
1.152518158447608585e+03
1.121781920593828545e+03
1.091261249531467911e+03
1.060954346390761202e+03
1.030860368964960799e+03
1.000961606835015118e+03
9.712765260599699104e+02
9.418070448920916533e+02
9.125562194932863349e+02
8.835278478296822868e+02
8.547260413812909974e+02
8.261564415100147016e+02
7.978253651538543636e+02
7.697402536789159058e+02
7.419091848942480283e+02
7.143417369319649879e+02
6.870314861174265388e+02
6.600051852342439815e+02
6.332746053869050229e+02
6.068520385494484799e+02
5.807509157369204331e+02
5.549851352318364661e+02
5.295700988862081431e+02
5.045212627891160082e+02
4.798548577936307993e+02
4.555719381662493106e+02
4.317001810958754504e+02
4.082486818592151394e+02
3.852220455585047603e+02
3.626216843651200179e+02
3.404442833061912097e+02
3.186827986486023292e+02
2.973262000579416053e+02
2.763601150692120427e+02
2.557659842759312596e+02
2.355219592682842631e+02
2.155902783377241576e+02
1.959539286143262871e+02
1.765798652790108463e+02
1.574315152038616361e+02
1.384691947041719686e+02
1.196567023978714133e+02
1.009783721138956025e+02
8.244944598792062607e+01
6.411623375015915371e+01
4.605536315415520221e+01
2.837446897434710991e+01
1.120026055868947878e+01
-5.289180786116048694e+00
-2.089675034541869536e+01
-3.539725493124569766e+01
-4.853576058840553742e+01
-6.003099458984797820e+01
-6.957153222682245541e+01
-7.682087433920241892e+01
-8.141248789126984775e+01
-8.295639470947207883e+01
